21
441 1407 1260 2037 1680 651 1848 1281 840 1323 672 693 1218 1743 777 378 1260 441 294 1680 336
1407 4489 4020 6499 5360 2077 5896 4087 2680 4221 2144 2211 3886 5561 2479 1206 4020 1407 938 5360 1072
1260 4020 3600 5820 4800 1860 5280 3660 2400 3780 1920 1980 3480 4980 2220 1080 3600 1260 840 4800 960
2037 6499 5820 9409 7760 3007 8536 5917 3880 6111 3104 3201 5626 8051 3589 1746 5820 2037 1358 7760 1552
1680 5360 4800 7760 6400 2480 7040 4880 3200 5040 2560 2640 4640 6640 2960 1440 4800 1680 1120 6400 1280
651 2077 1860 3007 2480 961 2728 1891 1240 1953 992 1023 1798 2573 1147 558 1860 651 434 2480 496
1848 5896 5280 8536 7040 2728 7744 5368 3520 5544 2816 2904 5104 7304 3256 1584 5280 1848 1232 7040 1408
1281 4087 3660 5917 4880 1891 5368 3721 2440 3843 1952 2013 3538 5063 2257 1098 3660 1281 854 4880 976
840 2680 2400 3880 3200 1240 3520 2440 1600 2520 1280 1320 2320 3320 1480 720 2400 840 560 3200 640
1323 4221 3780 6111 5040 1953 5544 3843 2520 3969 2016 2079 3654 5229 2331 1134 3780 1323 882 5040 1008
672 2144 1920 3104 2560 992 2816 1952 1280 2016 1024 1056 1856 2656 1184 576 1920 672 448 2560 512
693 2211 1980 3201 2640 1023 2904 2013 1320 2079 1056 1089 1914 2739 1221 594 1980 693 462 2640 528
1218 3886 3480 5626 4640 1798 5104 3538 2320 3654 1856 1914 3364 4814 2146 1044 3480 1218 812 4640 928
1743 5561 4980 8051 6640 2573 7304 5063 3320 5229 2656 2739 4814 6889 3071 1494 4980 1743 1162 6640 1328
777 2479 2220 3589 2960 1147 3256 2257 1480 2331 1184 1221 2146 3071 1369 666 2220 777 518 2960 592
378 1206 1080 1746 1440 558 1584 1098 720 1134 576 594 1044 1494 666 324 1080 378 252 1440 288
1260 4020 3600 5820 4800 1860 5280 3660 2400 3780 1920 1980 3480 4980 2220 1080 3600 1260 840 4800 960
441 1407 1260 2037 1680 651 1848 1281 840 1323 672 693 1218 1743 777 378 1260 441 294 1680 336
294 938 840 1358 1120 434 1232 854 560 882 448 462 812 1162 518 252 840 294 196 1120 224
1680 5360 4800 7760 6400 2480 7040 4880 3200 5040 2560 2640 4640 6640 2960 1440 4800 1680 1120 6400 1280
336 1072 960 1552 1280 496 1408 976 640 1008 512 528 928 1328 592 288 960 336 224 1280 256
