14
3364 5742 1218 4408 812 2726 1218 406 2842 2784 4756 1276 1450 986
5742 9801 2079 7524 1386 4653 2079 693 4851 4752 8118 2178 2475 1683
1218 2079 441 1596 294 987 441 147 1029 1008 1722 462 525 357
4408 7524 1596 5776 1064 3572 1596 532 3724 3648 6232 1672 1900 1292
812 1386 294 1064 196 658 294 98 686 672 1148 308 350 238
2726 4653 987 3572 658 2209 987 329 2303 2256 3854 1034 1175 799
1218 2079 441 1596 294 987 441 147 1029 1008 1722 462 525 357
406 693 147 532 98 329 147 49 343 336 574 154 175 119
2842 4851 1029 3724 686 2303 1029 343 2401 2352 4018 1078 1225 833
2784 4752 1008 3648 672 2256 1008 336 2352 2304 3936 1056 1200 816
4756 8118 1722 6232 1148 3854 1722 574 4018 3936 6724 1804 2050 1394
1276 2178 462 1672 308 1034 462 154 1078 1056 1804 484 550 374
1450 2475 525 1900 350 1175 525 175 1225 1200 2050 550 625 425
986 1683 357 1292 238 799 357 119 833 816 1394 374 425 289
