215
646416 434964 125424 211452 572448 619884 405216 430944 15276 301500 723600 792744 143916 44220 267732 717972 82812 287832 801588 311952 443004 545916 23316 357780 428532 779880 397980 381096 652848 269340 553152 494460 704304 678576 184920 471948 776664 68340 381096 270144 369036 299892 541092 795960 626316 4824 709128 188136 574860 184920 499284 213060 730836 804 570036 354564 780684 163212 213864 107736 432552 246024 601392 615060 402804 264516 565212 374664 332052 424512 123012 180096 723600 142308 171252 24120 146328 75576 211452 199392 542700 709932 411648 751740 710736 459888 301500 165624 102108 798372 272556 12864 239592 352152 106128 641592 95676 149544 494460 426924 573252 95676 606216 775056 237180 255672 798372 666516 330444 205824 61104 352152 393960 755760 299088 582900 693852 79596 226728 274164 73164 781488 569232 594960 329640 674556 714756 424512 19296 404412 329640 70752 499284 414864 41004 214668 669732 35376 76380 479184 523404 420492 26532 112560 371448 607824 174468 543504 686616 400392 13668 237984 377880 61104 28140 185724 214668 221100 88440 233160 624708 700284 586920 602196 310344 627120 295872 459084 661692 371448 416472 380292 791136 725208 775860 640788 528228 145524 663300 693852 24120 155172 410040 401196 215472 721188 65124 429336 137484 152760 141504 762192 49044 727620 38592 641592 549936 333660 295872 690636 184116 711540 266124 453456 631944 520188 290244 639180 143916 148740 528228 168036 303108 416472 568428
434964 292681 84396 142283 385192 417111 272664 289976 10279 202875 486900 533426 96839 29755 180153 483113 55723 193678 539377 209908 298091 367339 15689 240745 288353 524770 267795 256434 439292 181235 372208 332715 473916 456604 124430 317567 522606 45985 256434 181776 248319 201793 364093 535590 421439 3246 477162 126594 386815 124430 335961 143365 491769 541 383569 238581 525311 109823 143906 72494 291058 165546 404668 413865 271041 177989 380323 252106 223433 285648 82773 121184 486900 95757 115233 16230 98462 50854 142283 134168 365175 477703 276992 505835 478244 309452 202875 111446 68707 537213 183399 8656 161218 236958 71412 431718 64379 100626 332715 287271 385733 64379 407914 521524 159595 172038 537213 448489 222351 138496 41116 236958 265090 508540 201252 392225 466883 53559 152562 184481 49231 525852 383028 400340 221810 453899 480949 285648 12984 272123 221810 47608 335961 279156 27591 144447 450653 23804 51395 322436 352191 282943 17853 75740 249942 408996 117397 365716 462014 269418 9197 160136 254270 41116 18935 124971 144447 148775 59510 156890 420357 471211 394930 405209 208826 421980 199088 308911 445243 249942 280238 255893 532344 487982 522065 431177 355437 97921 446325 466883 16230 104413 275910 269959 144988 485277 43821 288894 92511 102790 95216 512868 33001 489605 25968 431718 370044 224515 199088 464719 123889 478785 179071 305124 425226 350027 195301 430095 96839 100085 355437 113069 203957 280238 382487
125424 84396 24336 41028 111072 120276 78624 83616 2964 58500 140400 153816 27924 8580 51948 139308 16068 55848 155532 60528 85956 105924 4524 69420 83148 151320 77220 73944 126672 52260 107328 95940 136656 131664 35880 91572 150696 13260 73944 52416 71604 58188 104988 154440 121524 936 137592 36504 111540 35880 96876 41340 141804 156 110604 68796 151476 31668 41496 20904 83928 47736 116688 119340 78156 51324 109668 72696 64428 82368 23868 34944 140400 27612 33228 4680 28392 14664 41028 38688 105300 137748 79872 145860 137904 89232 58500 32136 19812 154908 52884 2496 46488 68328 20592 124488 18564 29016 95940 82836 111228 18564 117624 150384 46020 49608 154908 129324 64116 39936 11856 68328 76440 146640 58032 113100 134628 15444 43992 53196 14196 151632 110448 115440 63960 130884 138684 82368 3744 78468 63960 13728 96876 80496 7956 41652 129948 6864 14820 92976 101556 81588 5148 21840 72072 117936 33852 105456 133224 77688 2652 46176 73320 11856 5460 36036 41652 42900 17160 45240 121212 135876 113880 116844 60216 121680 57408 89076 128388 72072 80808 73788 153504 140712 150540 124332 102492 28236 128700 134628 4680 30108 79560 77844 41808 139932 12636 83304 26676 29640 27456 147888 9516 141180 7488 124488 106704 64740 57408 134004 35724 138060 51636 87984 122616 100932 56316 124020 27924 28860 102492 32604 58812 80808 110292
211452 142283 41028 69169 187256 202773 132552 140968 4997 98625 236700 259318 47077 14465 87579 234859 27089 94154 262211 102044 144913 178577 7627 117035 140179 255110 130185 124662 213556 88105 180944 161745 230388 221972 60490 154381 254058 22355 124662 88368 120717 98099 176999 260370 204877 1578 231966 61542 188045 60490 163323 69695 239067 263 186467 115983 255373 53389 69958 35242 141494 80478 196724 201195 131763 86527 184889 122558 108619 138864 40239 58912 236700 46551 56019 7890 47866 24722 69169 65224 177525 232229 134656 245905 232492 150436 98625 54178 33401 261159 89157 4208 78374 115194 34716 209874 31297 48918 161745 139653 187519 31297 198302 253532 77585 83634 261159 218027 108093 67328 19988 115194 128870 247220 97836 190675 226969 26037 74166 89683 23933 255636 186204 194620 107830 220657 233807 138864 6312 132289 107830 23144 163323 135708 13413 70221 219079 11572 24985 156748 171213 137549 8679 36820 121506 198828 57071 177788 224602 130974 4471 77848 123610 19988 9205 60753 70221 72325 28930 76270 204351 229073 191990 196987 101518 205140 96784 150173 216449 121506 136234 124399 258792 237226 253795 209611 172791 47603 216975 226969 7890 50759 134130 131237 70484 235911 21303 140442 44973 49970 46288 249324 16043 238015 12624 209874 179892 109145 96784 225917 60227 232755 87053 148332 206718 170161 94943 209085 47077 48655 172791 54967 99151 136234 185941
572448 385192 111072 187256 506944 548952 358848 381632 13528 267000 640800 702032 127448 39160 237096 635816 73336 254896 709864 276256 392312 483448 20648 316840 379496 690640 352440 337488 578144 238520 489856 437880 623712 600928 163760 417944 687792 60520 337488 239232 326808 265576 479176 704880 554648 4272 627984 166608 509080 163760 442152 188680 647208 712 504808 313992 691352 144536 189392 95408 383056 217872 532576 544680 356712 234248 500536 331792 294056 375936 108936 159488 640800 126024 151656 21360 129584 66928 187256 176576 480600 628696 364544 665720 629408 407264 267000 146672 90424 707016 241368 11392 212176 311856 93984 568176 84728 132432 437880 378072 507656 84728 536848 686368 210040 226416 707016 590248 292632 182272 54112 311856 348880 669280 264864 516200 614456 70488 200784 242792 64792 692064 504096 526880 291920 597368 632968 375936 17088 358136 291920 62656 442152 367392 36312 190104 593096 31328 67640 424352 463512 372376 23496 99680 328944 538272 154504 481312 608048 354576 12104 210752 334640 54112 24920 164472 190104 195800 78320 206480 553224 620152 519760 533288 274832 555360 262016 406552 585976 328944 368816 336776 700608 642224 687080 567464 467784 128872 587400 614456 21360 137416 363120 355288 190816 638664 57672 380208 121752 135280 125312 674976 43432 644360 34176 568176 487008 295480 262016 611608 163048 630120 235672 401568 559632 460664 257032 566040 127448 131720 467784 148808 268424 368816 503384
619884 417111 120276 202773 548952 594441 388584 413256 14649 289125 693900 760206 138009 42405 256743 688503 79413 276018 768687 299148 424821 523509 22359 343095 410943 747870 381645 365454 626052 258285 530448 474165 675396 650724 177330 452577 744786 65535 365454 259056 353889 287583 518883 763290 600609 4626 680022 180414 551265 177330 478791 204315 700839 771 546639 340011 748641 156513 205086 103314 414798 235926 576708 589815 386271 253659 542013 359286 318423 407088 117963 172704 693900 136467 164223 23130 140322 72474 202773 191208 520425 680793 394752 720885 681564 441012 289125 158826 97917 765603 261369 12336 229758 337698 101772 615258 91749 143406 474165 409401 549723 91749 581334 743244 227445 245178 765603 639159 316881 197376 58596 337698 377790 724740 286812 558975 665373 76329 217422 262911 70161 749412 545868 570540 316110 646869 685419 407088 18504 387813 316110 67848 478791 397836 39321 205857 642243 33924 73245 459516 501921 403233 25443 107940 356202 582876 167307 521196 658434 383958 13107 228216 362370 58596 26985 178101 205857 212025 84810 223590 599067 671541 562830 577479 297606 601380 283728 440241 634533 356202 399378 364683 758664 695442 744015 614487 506547 139551 636075 665373 23130 148803 393210 384729 206628 691587 62451 411714 131841 146490 135696 730908 47031 697755 37008 615258 527364 319965 283728 662289 176559 682335 255201 434844 606006 498837 278331 612945 138009 142635 506547 161139 290667 399378 545097
405216 272664 78624 132552 358848 388584 254016 270144 9576 189000 453600 496944 90216 27720 167832 450072 51912 180432 502488 195552 277704 342216 14616 224280 268632 488880 249480 238896 409248 168840 346752 309960 441504 425376 115920 295848 486864 42840 238896 169344 231336 187992 339192 498960 392616 3024 444528 117936 360360 115920 312984 133560 458136 504 357336 222264 489384 102312 134064 67536 271152 154224 376992 385560 252504 165816 354312 234864 208152 266112 77112 112896 453600 89208 107352 15120 91728 47376 132552 124992 340200 445032 258048 471240 445536 288288 189000 103824 64008 500472 170856 8064 150192 220752 66528 402192 59976 93744 309960 267624 359352 59976 380016 485856 148680 160272 500472 417816 207144 129024 38304 220752 246960 473760 187488 365400 434952 49896 142128 171864 45864 489888 356832 372960 206640 422856 448056 266112 12096 253512 206640 44352 312984 260064 25704 134568 419832 22176 47880 300384 328104 263592 16632 70560 232848 381024 109368 340704 430416 250992 8568 149184 236880 38304 17640 116424 134568 138600 55440 146160 391608 438984 367920 377496 194544 393120 185472 287784 414792 232848 261072 238392 495936 454608 486360 401688 331128 91224 415800 434952 15120 97272 257040 251496 135072 452088 40824 269136 86184 95760 88704 477792 30744 456120 24192 402192 344736 209160 185472 432936 115416 446040 166824 284256 396144 326088 181944 400680 90216 93240 331128 105336 190008 261072 356328
430944 289976 83616 140968 381632 413256 270144 287296 10184 201000 482400 528496 95944 29480 178488 478648 55208 191888 534392 207968 295336 363944 15544 238520 285688 519920 265320 254064 435232 179560 368768 329640 469536 452384 123280 314632 517776 45560 254064 180096 246024 199928 360728 530640 417544 3216 472752 125424 383240 123280 332856 142040 487224 536 380024 236376 520456 108808 142576 71824 288368 164016 400928 410040 268536 176344 376808 249776 221368 283008 82008 120064 482400 94872 114168 16080 97552 50384 140968 132928 361800 473288 274432 501160 473824 306592 201000 110416 68072 532248 181704 8576 159728 234768 70752 427728 63784 99696 329640 284616 382168 63784 404144 516704 158120 170448 532248 444344 220296 137216 40736 234768 262640 503840 199392 388600 462568 53064 151152 182776 48776 520992 379488 396640 219760 449704 476504 283008 12864 269608 219760 47168 332856 276576 27336 143112 446488 23584 50920 319456 348936 280328 17688 75040 247632 405216 116312 362336 457744 266928 9112 158656 251920 40736 18760 123816 143112 147400 58960 155440 416472 466856 391280 401464 206896 418080 197248 306056 441128 247632 277648 253528 527424 483472 517240 427192 352152 97016 442200 462568 16080 103448 273360 267464 143648 480792 43416 286224 91656 101840 94336 508128 32696 485080 25728 427728 366624 222440 197248 460424 122744 474360 177416 302304 421296 346792 193496 426120 95944 99160 352152 112024 202072 277648 378952
15276 10279 2964 4997 13528 14649 9576 10184 361 7125 17100 18734 3401 1045 6327 16967 1957 6802 18943 7372 10469 12901 551 8455 10127 18430 9405 9006 15428 6365 13072 11685 16644 16036 4370 11153 18354 1615 9006 6384 8721 7087 12787 18810 14801 114 16758 4446 13585 4370 11799 5035 17271 19 13471 8379 18449 3857 5054 2546 10222 5814 14212 14535 9519 6251 13357 8854 7847 10032 2907 4256 17100 3363 4047 570 3458 1786 4997 4712 12825 16777 9728 17765 16796 10868 7125 3914 2413 18867 6441 304 5662 8322 2508 15162 2261 3534 11685 10089 13547 2261 14326 18316 5605 6042 18867 15751 7809 4864 1444 8322 9310 17860 7068 13775 16397 1881 5358 6479 1729 18468 13452 14060 7790 15941 16891 10032 456 9557 7790 1672 11799 9804 969 5073 15827 836 1805 11324 12369 9937 627 2660 8778 14364 4123 12844 16226 9462 323 5624 8930 1444 665 4389 5073 5225 2090 5510 14763 16549 13870 14231 7334 14820 6992 10849 15637 8778 9842 8987 18696 17138 18335 15143 12483 3439 15675 16397 570 3667 9690 9481 5092 17043 1539 10146 3249 3610 3344 18012 1159 17195 912 15162 12996 7885 6992 16321 4351 16815 6289 10716 14934 12293 6859 15105 3401 3515 12483 3971 7163 9842 13433
301500 202875 58500 98625 267000 289125 189000 201000 7125 140625 337500 369750 67125 20625 124875 334875 38625 134250 373875 145500 206625 254625 10875 166875 199875 363750 185625 177750 304500 125625 258000 230625 328500 316500 86250 220125 362250 31875 177750 126000 172125 139875 252375 371250 292125 2250 330750 87750 268125 86250 232875 99375 340875 375 265875 165375 364125 76125 99750 50250 201750 114750 280500 286875 187875 123375 263625 174750 154875 198000 57375 84000 337500 66375 79875 11250 68250 35250 98625 93000 253125 331125 192000 350625 331500 214500 140625 77250 47625 372375 127125 6000 111750 164250 49500 299250 44625 69750 230625 199125 267375 44625 282750 361500 110625 119250 372375 310875 154125 96000 28500 164250 183750 352500 139500 271875 323625 37125 105750 127875 34125 364500 265500 277500 153750 314625 333375 198000 9000 188625 153750 33000 232875 193500 19125 100125 312375 16500 35625 223500 244125 196125 12375 52500 173250 283500 81375 253500 320250 186750 6375 111000 176250 28500 13125 86625 100125 103125 41250 108750 291375 326625 273750 280875 144750 292500 138000 214125 308625 173250 194250 177375 369000 338250 361875 298875 246375 67875 309375 323625 11250 72375 191250 187125 100500 336375 30375 200250 64125 71250 66000 355500 22875 339375 18000 299250 256500 155625 138000 322125 85875 331875 124125 211500 294750 242625 135375 298125 67125 69375 246375 78375 141375 194250 265125
723600 486900 140400 236700 640800 693900 453600 482400 17100 337500 810000 887400 161100 49500 299700 803700 92700 322200 897300 349200 495900 611100 26100 400500 479700 873000 445500 426600 730800 301500 619200 553500 788400 759600 207000 528300 869400 76500 426600 302400 413100 335700 605700 891000 701100 5400 793800 210600 643500 207000 558900 238500 818100 900 638100 396900 873900 182700 239400 120600 484200 275400 673200 688500 450900 296100 632700 419400 371700 475200 137700 201600 810000 159300 191700 27000 163800 84600 236700 223200 607500 794700 460800 841500 795600 514800 337500 185400 114300 893700 305100 14400 268200 394200 118800 718200 107100 167400 553500 477900 641700 107100 678600 867600 265500 286200 893700 746100 369900 230400 68400 394200 441000 846000 334800 652500 776700 89100 253800 306900 81900 874800 637200 666000 369000 755100 800100 475200 21600 452700 369000 79200 558900 464400 45900 240300 749700 39600 85500 536400 585900 470700 29700 126000 415800 680400 195300 608400 768600 448200 15300 266400 423000 68400 31500 207900 240300 247500 99000 261000 699300 783900 657000 674100 347400 702000 331200 513900 740700 415800 466200 425700 885600 811800 868500 717300 591300 162900 742500 776700 27000 173700 459000 449100 241200 807300 72900 480600 153900 171000 158400 853200 54900 814500 43200 718200 615600 373500 331200 773100 206100 796500 297900 507600 707400 582300 324900 715500 161100 166500 591300 188100 339300 466200 636300
792744 533426 153816 259318 702032 760206 496944 528496 18734 369750 887400 972196 176494 54230 328338 880498 101558 352988 983042 382568 543286 669494 28594 438770 525538 956420 488070 467364 800632 330310 678368 606390 863736 832184 226780 578782 952476 83810 467364 331296 452574 367778 663578 976140 768094 5916 869652 230724 704990 226780 612306 261290 896274 986 699074 434826 957406 200158 262276 132124 530468 301716 737528 754290 493986 324394 693158 459476 407218 520608 150858 220864 887400 174522 210018 29580 179452 92684 259318 244528 665550 870638 504832 921910 871624 563992 369750 203116 125222 979098 334254 15776 293828 431868 130152 786828 117334 183396 606390 523566 703018 117334 743444 950504 290870 313548 979098 817394 405246 252416 74936 431868 483140 926840 366792 714850 850918 97614 278052 336226 89726 958392 698088 729640 404260 827254 876554 520608 23664 495958 404260 86768 612306 508776 50286 263262 821338 43384 93670 587656 641886 515678 32538 138040 455532 745416 213962 666536 842044 491028 16762 291856 463420 74936 34510 227766 263262 271150 108460 285940 766122 858806 719780 738514 380596 769080 362848 563006 811478 455532 510748 466378 970224 889372 951490 785842 647802 178466 813450 850918 29580 190298 502860 492014 264248 884442 79866 526524 168606 187340 173536 934728 60146 892330 47328 786828 674424 409190 362848 846974 225794 872610 326366 556104 774996 637942 355946 783870 176494 182410 647802 206074 371722 510748 697102
143916 96839 27924 47077 127448 138009 90216 95944 3401 67125 161100 176494 32041 9845 59607 159847 18437 64082 178463 69452 98629 121541 5191 79655 95407 173630 88605 84846 145348 59965 123152 110085 156804 151076 41170 105073 172914 15215 84846 60144 82161 66767 120467 177210 139441 1074 157878 41886 127985 41170 111159 47435 162711 179 126911 78939 173809 36337 47614 23986 96302 54774 133892 136935 89679 58891 125837 83414 73927 94512 27387 40096 161100 31683 38127 5370 32578 16826 47077 44392 120825 158057 91648 167365 158236 102388 67125 36874 22733 177747 60681 2864 53342 78402 23628 142842 21301 33294 110085 95049 127627 21301 134966 172556 52805 56922 177747 148391 73569 45824 13604 78402 87710 168260 66588 129775 154477 17721 50478 61039 16289 173988 126732 132460 73390 150181 159131 94512 4296 90037 73390 15752 111159 92364 9129 47793 149107 7876 17005 106684 116529 93617 5907 25060 82698 135324 38843 121004 152866 89142 3043 52984 84130 13604 6265 41349 47793 49225 19690 51910 139083 155909 130670 134071 69094 139620 65872 102209 147317 82698 92722 84667 176136 161458 172735 142663 117603 32399 147675 154477 5370 34547 91290 89321 47972 160563 14499 95586 30609 34010 31504 169692 10919 161995 8592 142842 122436 74285 65872 153761 40991 158415 59249 100956 140694 115813 64619 142305 32041 33115 117603 37411 67483 92722 126553
44220 29755 8580 14465 39160 42405 27720 29480 1045 20625 49500 54230 9845 3025 18315 49115 5665 19690 54835 21340 30305 37345 1595 24475 29315 53350 27225 26070 44660 18425 37840 33825 48180 46420 12650 32285 53130 4675 26070 18480 25245 20515 37015 54450 42845 330 48510 12870 39325 12650 34155 14575 49995 55 38995 24255 53405 11165 14630 7370 29590 16830 41140 42075 27555 18095 38665 25630 22715 29040 8415 12320 49500 9735 11715 1650 10010 5170 14465 13640 37125 48565 28160 51425 48620 31460 20625 11330 6985 54615 18645 880 16390 24090 7260 43890 6545 10230 33825 29205 39215 6545 41470 53020 16225 17490 54615 45595 22605 14080 4180 24090 26950 51700 20460 39875 47465 5445 15510 18755 5005 53460 38940 40700 22550 46145 48895 29040 1320 27665 22550 4840 34155 28380 2805 14685 45815 2420 5225 32780 35805 28765 1815 7700 25410 41580 11935 37180 46970 27390 935 16280 25850 4180 1925 12705 14685 15125 6050 15950 42735 47905 40150 41195 21230 42900 20240 31405 45265 25410 28490 26015 54120 49610 53075 43835 36135 9955 45375 47465 1650 10615 28050 27445 14740 49335 4455 29370 9405 10450 9680 52140 3355 49775 2640 43890 37620 22825 20240 47245 12595 48675 18205 31020 43230 35585 19855 43725 9845 10175 36135 11495 20735 28490 38885
267732 180153 51948 87579 237096 256743 167832 178488 6327 124875 299700 328338 59607 18315 110889 297369 34299 119214 332001 129204 183483 226107 9657 148185 177489 323010 164835 157842 270396 111555 229104 204795 291708 281052 76590 195471 321678 28305 157842 111888 152847 124209 224109 329670 259407 1998 293706 77922 238095 76590 206793 88245 302697 333 236097 146853 323343 67599 88578 44622 179154 101898 249084 254745 166833 109557 234099 155178 137529 175824 50949 74592 299700 58941 70929 9990 60606 31302 87579 82584 224775 294039 170496 311355 294372 190476 124875 68598 42291 330669 112887 5328 99234 145854 43956 265734 39627 61938 204795 176823 237429 39627 251082 321012 98235 105894 330669 276057 136863 85248 25308 145854 163170 313020 123876 241425 287379 32967 93906 113553 30303 323676 235764 246420 136530 279387 296037 175824 7992 167499 136530 29304 206793 171828 16983 88911 277389 14652 31635 198468 216783 174159 10989 46620 153846 251748 72261 225108 284382 165834 5661 98568 156510 25308 11655 76923 88911 91575 36630 96570 258741 290043 243090 249417 128538 259740 122544 190143 274059 153846 172494 157509 327672 300366 321345 265401 218781 60273 274725 287379 9990 64269 169830 166167 89244 298701 26973 177822 56943 63270 58608 315684 20313 301365 15984 265734 227772 138195 122544 286047 76257 294705 110223 187812 261738 215451 120213 264735 59607 61605 218781 69597 125541 172494 235431
717972 483113 139308 234859 635816 688503 450072 478648 16967 334875 803700 880498 159847 49115 297369 797449 91979 319694 890321 346484 492043 606347 25897 397385 475969 866210 442035 423282 725116 299155 614384 549195 782268 753692 205390 524191 862638 75905 423282 300048 409887 333089 600989 884070 695647 5358 787626 208962 638495 205390 554553 236645 811737 893 633137 393813 867103 181279 237538 119662 480434 273258 667964 683145 447393 293797 627779 416138 368809 471504 136629 200032 803700 158061 190209 26790 162526 83942 234859 221464 602775 788519 457216 834955 789412 510796 334875 183958 113411 886749 302727 14288 266114 391134 117876 712614 106267 166098 549195 474183 636709 106267 673322 860852 263435 283974 886749 740297 367023 228608 67868 391134 437570 839420 332196 647425 770659 88407 251826 304513 81263 867996 632244 660820 366130 749227 793877 471504 21432 449179 366130 78584 554553 460788 45543 238431 743869 39292 84835 532228 581343 467039 29469 125020 412566 675108 193781 603668 762622 444714 15181 264328 419710 67868 31255 206283 238431 245575 98230 258970 693861 777803 651890 668857 344698 696540 328624 509903 734939 412566 462574 422389 878712 805486 861745 711721 586701 161633 736725 770659 26790 172349 455430 445607 239324 801021 72333 476862 152703 169670 157168 846564 54473 808165 42864 712614 610812 370595 328624 767087 204497 790305 295583 503652 701898 577771 322373 709935 159847 165205 586701 186637 336661 462574 631351
82812 55723 16068 27089 73336 79413 51912 55208 1957 38625 92700 101558 18437 5665 34299 91979 10609 36874 102691 39964 56753 69937 2987 45835 54899 99910 50985 48822 83636 34505 70864 63345 90228 86932 23690 60461 99498 8755 48822 34608 47277 38419 69319 101970 80237 618 90846 24102 73645 23690 63963 27295 93627 103 73027 45423 100013 20909 27398 13802 55414 31518 77044 78795 51603 33887 72409 47998 42539 54384 15759 23072 92700 18231 21939 3090 18746 9682 27089 25544 69525 90949 52736 96305 91052 58916 38625 21218 13081 102279 34917 1648 30694 45114 13596 82194 12257 19158 63345 54693 73439 12257 77662 99292 30385 32754 102279 85387 42333 26368 7828 45114 50470 96820 38316 74675 88889 10197 29046 35123 9373 100116 72924 76220 42230 86417 91567 54384 2472 51809 42230 9064 63963 53148 5253 27501 85799 4532 9785 61388 67053 53869 3399 14420 47586 77868 22351 69628 87962 51294 1751 30488 48410 7828 3605 23793 27501 28325 11330 29870 80031 89713 75190 77147 39758 80340 37904 58813 84769 47586 53354 48719 101352 92906 99395 82091 67671 18643 84975 88889 3090 19879 52530 51397 27604 92391 8343 55002 17613 19570 18128 97644 6283 93215 4944 82194 70452 42745 37904 88477 23587 91155 34093 58092 80958 66641 37183 81885 18437 19055 67671 21527 38831 53354 72821
287832 193678 55848 94154 254896 276018 180432 191888 6802 134250 322200 352988 64082 19690 119214 319694 36874 128164 356926 138904 197258 243082 10382 159310 190814 347260 177210 169692 290696 119930 246304 220170 313608 302152 82340 210146 345828 30430 169692 120288 164322 133534 240934 354420 278882 2148 315756 83772 255970 82340 222318 94870 325422 358 253822 157878 347618 72674 95228 47972 192604 109548 267784 273870 179358 117782 251674 166828 147854 189024 54774 80192 322200 63366 76254 10740 65156 33652 94154 88784 241650 316114 183296 334730 316472 204776 134250 73748 45466 355494 121362 5728 106684 156804 47256 285684 42602 66588 220170 190098 255254 42602 269932 345112 105610 113844 355494 296782 147138 91648 27208 156804 175420 336520 133176 259550 308954 35442 100956 122078 32578 347976 253464 264920 146780 300362 318262 189024 8592 180074 146780 31504 222318 184728 18258 95586 298214 15752 34010 213368 233058 187234 11814 50120 165396 270648 77686 242008 305732 178284 6086 105968 168260 27208 12530 82698 95586 98450 39380 103820 278166 311818 261340 268142 138188 279240 131744 204418 294634 165396 185444 169334 352272 322916 345470 285326 235206 64798 295350 308954 10740 69094 182580 178642 95944 321126 28998 191172 61218 68020 63008 339384 21838 323990 17184 285684 244872 148570 131744 307522 81982 316830 118498 201912 281388 231626 129238 284610 64082 66230 235206 74822 134966 185444 253106
801588 539377 155532 262211 709864 768687 502488 534392 18943 373875 897300 983042 178463 54835 332001 890321 102691 356926 994009 386836 549347 676963 28913 443665 531401 967090 493515 472578 809564 333995 685936 613155 873372 841468 229310 585239 963102 84745 472578 334992 457623 371881 670981 987030 776663 5982 879354 233298 712855 229310 619137 264205 906273 997 706873 439677 968087 202391 265202 133598 536386 305082 745756 762705 499497 328013 700891 464602 411761 526416 152541 223328 897300 176469 212361 29910 181454 93718 262211 247256 672975 880351 510464 932195 881348 570284 373875 205382 126619 990021 337983 15952 297106 436686 131604 795606 118643 185442 613155 529407 710861 118643 751738 961108 294115 317046 990021 826513 409767 255232 75772 436686 488530 937180 370884 722825 860411 98703 281154 339977 90727 969084 705876 737780 408770 836483 886333 526416 23928 501491 408770 87736 619137 514452 50847 266199 830501 43868 94715 594212 649047 521431 32901 139580 460614 753732 216349 673972 851438 496506 16949 295112 468590 75772 34895 230307 266199 274175 109670 289130 774669 868387 727810 746753 384842 777660 366896 569287 820531 460614 516446 471581 981048 899294 962105 794609 655029 180457 822525 860411 29910 192421 508470 497503 267196 894309 80757 532398 170487 189430 175472 945156 60817 902285 47856 795606 681948 413755 366896 856423 228313 882345 330007 562308 783642 645059 359917 792615 178463 184445 655029 208373 375869 516446 704879
311952 209908 60528 102044 276256 299148 195552 207968 7372 145500 349200 382568 69452 21340 129204 346484 39964 138904 386836 150544 213788 263452 11252 172660 206804 376360 192060 183912 315056 129980 266944 238620 339888 327472 89240 227756 374808 32980 183912 130368 178092 144724 261124 384120 302252 2328 342216 90792 277420 89240 240948 102820 352692 388 275092 171108 376748 78764 103208 51992 208744 118728 290224 296820 194388 127652 272764 180808 160244 204864 59364 86912 349200 68676 82644 11640 70616 36472 102044 96224 261900 342604 198656 362780 342992 221936 145500 79928 49276 385284 131532 6208 115624 169944 51216 309624 46172 72168 238620 206028 276644 46172 292552 374032 114460 123384 385284 321652 159468 99328 29488 169944 190120 364720 144336 281300 334844 38412 109416 132308 35308 377136 274704 287120 159080 325532 344932 204864 9312 195164 159080 34144 240948 200208 19788 103596 323204 17072 36860 231248 252588 202924 12804 54320 179256 293328 84196 262288 331352 193224 6596 114848 182360 29488 13580 89628 103596 106700 42680 112520 301476 337948 283240 290612 149768 302640 142784 221548 319324 179256 200984 183524 381792 349976 374420 309236 254916 70228 320100 334844 11640 74884 197880 193612 103984 348036 31428 207192 66348 73720 68288 367824 23668 351140 18624 309624 265392 161020 142784 333292 88852 343380 128428 218832 304968 251036 140068 308460 69452 71780 254916 81092 146276 200984 274316
443004 298091 85956 144913 392312 424821 277704 295336 10469 206625 495900 543286 98629 30305 183483 492043 56753 197258 549347 213788 303601 374129 15979 245195 293683 534470 272745 261174 447412 184585 379088 338865 482676 465044 126730 323437 532266 46835 261174 185136 252909 205523 370823 545490 429229 3306 485982 128934 393965 126730 342171 146015 500859 551 390659 242991 535021 111853 146566 73834 296438 168606 412148 421515 276051 181279 387353 256766 227563 290928 84303 123424 495900 97527 117363 16530 100282 51794 144913 136648 371925 486533 282112 515185 487084 315172 206625 113506 69977 547143 186789 8816 164198 241338 72732 439698 65569 102486 338865 292581 392863 65569 415454 531164 162545 175218 547143 456779 226461 141056 41876 241338 269990 517940 204972 399475 475513 54549 155382 187891 50141 535572 390108 407740 225910 462289 489839 290928 13224 277153 225910 48488 342171 284316 28101 147117 458983 24244 52345 328396 358701 288173 18183 77140 254562 416556 119567 372476 470554 274398 9367 163096 258970 41876 19285 127281 147117 151525 60610 159790 428127 479921 402230 412699 212686 429780 202768 314621 453473 254562 285418 260623 542184 497002 531715 439147 362007 99731 454575 475513 16530 106343 281010 274949 147668 494247 44631 294234 94221 104690 96976 522348 33611 498655 26448 439698 376884 228665 202768 473309 126179 487635 182381 310764 433086 356497 198911 438045 98629 101935 362007 115159 207727 285418 389557
545916 367339 105924 178577 483448 523509 342216 363944 12901 254625 611100 669494 121541 37345 226107 606347 69937 243082 676963 263452 374129 461041 19691 302155 361907 658630 336105 321846 551348 227465 467152 417585 594804 573076 156170 398573 655914 57715 321846 228144 311661 253267 456967 672210 528941 4074 598878 158886 485485 156170 421659 179935 617211 679 481411 299439 659309 137837 180614 90986 365302 207774 507892 519435 340179 223391 477337 316414 280427 358512 103887 152096 611100 120183 144627 20370 123578 63826 178577 168392 458325 599557 347648 634865 600236 388388 254625 139874 86233 674247 230181 10864 202342 297402 89628 541842 80801 126294 417585 360549 484127 80801 511966 654556 200305 215922 674247 562891 279069 173824 51604 297402 332710 638260 252588 492275 585977 67221 191478 231539 61789 659988 480732 502460 278390 569681 603631 358512 16296 341537 278390 59752 421659 350364 34629 181293 565607 29876 64505 404684 442029 355117 22407 95060 313698 513324 147343 459004 579866 338142 11543 200984 319130 51604 23765 156849 181293 186725 74690 196910 527583 591409 495670 508571 262094 529620 249872 387709 558817 313698 351722 321167 668136 612458 655235 541163 446103 122899 560175 585977 20370 131047 346290 338821 181972 609063 54999 362586 116109 129010 119504 643692 41419 614495 32592 541842 464436 281785 249872 583261 155491 600915 224749 382956 533694 439313 245119 539805 121541 125615 446103 141911 255983 351722 480053
23316 15689 4524 7627 20648 22359 14616 15544 551 10875 26100 28594 5191 1595 9657 25897 2987 10382 28913 11252 15979 19691 841 12905 15457 28130 14355 13746 23548 9715 19952 17835 25404 24476 6670 17023 28014 2465 13746 9744 13311 10817 19517 28710 22591 174 25578 6786 20735 6670 18009 7685 26361 29 20561 12789 28159 5887 7714 3886 15602 8874 21692 22185 14529 9541 20387 13514 11977 15312 4437 6496 26100 5133 6177 870 5278 2726 7627 7192 19575 25607 14848 27115 25636 16588 10875 5974 3683 28797 9831 464 8642 12702 3828 23142 3451 5394 17835 15399 20677 3451 21866 27956 8555 9222 28797 24041 11919 7424 2204 12702 14210 27260 10788 21025 25027 2871 8178 9889 2639 28188 20532 21460 11890 24331 25781 15312 696 14587 11890 2552 18009 14964 1479 7743 24157 1276 2755 17284 18879 15167 957 4060 13398 21924 6293 19604 24766 14442 493 8584 13630 2204 1015 6699 7743 7975 3190 8410 22533 25259 21170 21721 11194 22620 10672 16559 23867 13398 15022 13717 28536 26158 27985 23113 19053 5249 23925 25027 870 5597 14790 14471 7772 26013 2349 15486 4959 5510 5104 27492 1769 26245 1392 23142 19836 12035 10672 24911 6641 25665 9599 16356 22794 18763 10469 23055 5191 5365 19053 6061 10933 15022 20503
357780 240745 69420 117035 316840 343095 224280 238520 8455 166875 400500 438770 79655 24475 148185 397385 45835 159310 443665 172660 245195 302155 12905 198025 237185 431650 220275 210930 361340 149075 306160 273675 389820 375580 102350 261215 429870 37825 210930 149520 204255 165985 299485 440550 346655 2670 392490 104130 318175 102350 276345 117925 404505 445 315505 196245 432095 90335 118370 59630 239410 136170 332860 340425 222945 146405 312835 207370 183785 234960 68085 99680 400500 78765 94785 13350 80990 41830 117035 110360 300375 392935 227840 416075 393380 254540 166875 91670 56515 441885 150855 7120 132610 194910 58740 355110 52955 82770 273675 236295 317285 52955 335530 428980 131275 141510 441885 368905 182895 113920 33820 194910 218050 418300 165540 322625 384035 44055 125490 151745 40495 432540 315060 329300 182450 373355 395605 234960 10680 223835 182450 39160 276345 229620 22695 118815 370685 19580 42275 265220 289695 232735 14685 62300 205590 336420 96565 300820 380030 221610 7565 131720 209150 33820 15575 102795 118815 122375 48950 129050 345765 387595 324850 333305 171770 347100 163760 254095 366235 205590 230510 210485 437880 401390 429425 354665 292365 80545 367125 384035 13350 85885 226950 222055 119260 399165 36045 237630 76095 84550 78320 421860 27145 402725 21360 355110 304380 184675 163760 382255 101905 393825 147295 250980 349770 287915 160645 353775 79655 82325 292365 93005 167765 230510 314615
428532 288353 83148 140179 379496 410943 268632 285688 10127 199875 479700 525538 95407 29315 177489 475969 54899 190814 531401 206804 293683 361907 15457 237185 284089 517010 263835 252642 432796 178555 366704 327795 466908 449852 122590 312871 514878 45305 252642 179088 244647 198809 358709 527670 415207 3198 470106 124722 381095 122590 330993 141245 484497 533 377897 235053 517543 108199 141778 71422 286754 163098 398684 407745 267033 175357 374699 248378 220129 281424 81549 119392 479700 94341 113529 15990 97006 50102 140179 132184 359775 470639 272896 498355 471172 304876 199875 109798 67691 529269 180687 8528 158834 233454 70356 425334 63427 99138 327795 283023 380029 63427 401882 513812 157235 169494 529269 441857 219063 136448 40508 233454 261170 501020 198276 386425 459979 52767 150306 181753 48503 518076 377364 394420 218530 447187 473837 281424 12792 268099 218530 46904 330993 275028 27183 142311 443989 23452 50635 317668 346983 278759 17589 74620 246246 402948 115661 360308 455182 265434 9061 157768 250510 40508 18655 123123 142311 146575 58630 154570 414141 464243 389090 399217 205738 415740 196144 304343 438659 246246 276094 252109 524472 480766 514345 424801 350181 96473 439725 459979 15990 102869 271830 265967 142844 478101 43173 284622 91143 101270 93808 505284 32513 482365 25584 425334 364572 221195 196144 457847 122057 471705 176423 300612 418938 344851 192413 423735 95407 98605 350181 111397 200941 276094 376831
779880 524770 151320 255110 690640 747870 488880 519920 18430 363750 873000 956420 173630 53350 323010 866210 99910 347260 967090 376360 534470 658630 28130 431650 517010 940900 480150 459780 787640 324950 667360 596550 849720 818680 223100 569390 937020 82450 459780 325920 445230 361810 652810 960300 755630 5820 855540 226980 693550 223100 602370 257050 881730 970 687730 427770 941870 196910 258020 129980 521860 296820 725560 742050 485970 319130 681910 452020 400610 512160 148410 217280 873000 171690 206610 29100 176540 91180 255110 240560 654750 856510 496640 906950 857480 554840 363750 199820 123190 963210 328830 15520 289060 424860 128040 774060 115430 180420 596550 515070 691610 115430 731380 935080 286150 308460 963210 804130 398670 248320 73720 424860 475300 911800 360840 703250 837110 96030 273540 330770 88270 942840 686760 717800 397700 813830 862330 512160 23280 487910 397700 85360 602370 500520 49470 258990 808010 42680 92150 578120 631470 507310 32010 135800 448140 733320 210490 655720 828380 483060 16490 287120 455900 73720 33950 224070 258990 266750 106700 281300 753690 844870 708100 726530 374420 756600 356960 553870 798310 448140 502460 458810 954480 874940 936050 773090 637290 175570 800250 837110 29100 187210 494700 484030 259960 870090 78570 517980 165870 184300 170720 919560 59170 877850 46560 774060 663480 402550 356960 833230 222130 858450 321070 547080 762420 627590 350170 771150 173630 179450 637290 202730 365690 502460 685790
397980 267795 77220 130185 352440 381645 249480 265320 9405 185625 445500 488070 88605 27225 164835 442035 50985 177210 493515 192060 272745 336105 14355 220275 263835 480150 245025 234630 401940 165825 340560 304425 433620 417780 113850 290565 478170 42075 234630 166320 227205 184635 333135 490050 385605 2970 436590 115830 353925 113850 307395 131175 449955 495 350955 218295 480645 100485 131670 66330 266310 151470 370260 378675 247995 162855 347985 230670 204435 261360 75735 110880 445500 87615 105435 14850 90090 46530 130185 122760 334125 437085 253440 462825 437580 283140 185625 101970 62865 491535 167805 7920 147510 216810 65340 395010 58905 92070 304425 262845 352935 58905 373230 477180 146025 157410 491535 410355 203445 126720 37620 216810 242550 465300 184140 358875 427185 49005 139590 168795 45045 481140 350460 366300 202950 415305 440055 261360 11880 248985 202950 43560 307395 255420 25245 132165 412335 21780 47025 295020 322245 258885 16335 69300 228690 374220 107415 334620 422730 246510 8415 146520 232650 37620 17325 114345 132165 136125 54450 143550 384615 431145 361350 370755 191070 386100 182160 282645 407385 228690 256410 234135 487080 446490 477675 394515 325215 89595 408375 427185 14850 95535 252450 247005 132660 444015 40095 264330 84645 94050 87120 469260 30195 447975 23760 395010 338580 205425 182160 425205 113355 438075 163845 279180 389070 320265 178695 393525 88605 91575 325215 103455 186615 256410 349965
381096 256434 73944 124662 337488 365454 238896 254064 9006 177750 426600 467364 84846 26070 157842 423282 48822 169692 472578 183912 261174 321846 13746 210930 252642 459780 234630 224676 384888 158790 326112 291510 415224 400056 109020 278238 457884 40290 224676 159264 217566 176802 319002 469260 369246 2844 418068 110916 338910 109020 294354 125610 430866 474 336066 209034 460254 96222 126084 63516 255012 145044 354552 362610 237474 155946 333222 220884 195762 250272 72522 106176 426600 83898 100962 14220 86268 44556 124662 117552 319950 418542 242688 443190 419016 271128 177750 97644 60198 470682 160686 7584 141252 207612 62568 378252 56406 88164 291510 251694 337962 56406 357396 456936 139830 150732 470682 392946 194814 121344 36024 207612 232260 445560 176328 343650 409062 46926 133668 161634 43134 460728 335592 350760 194340 397686 421386 250272 11376 238422 194340 41712 294354 244584 24174 126558 394842 20856 45030 282504 308574 247902 15642 66360 218988 358344 102858 320424 404796 236052 8058 140304 222780 36024 16590 109494 126558 130350 52140 137460 368298 412854 346020 355026 182964 369720 174432 270654 390102 218988 245532 224202 466416 427548 457410 377778 311418 85794 391050 409062 14220 91482 241740 236526 127032 425178 38394 253116 81054 90060 83424 449352 28914 428970 22752 378252 324216 196710 174432 407166 108546 419490 156894 267336 372564 306678 171114 376830 84846 87690 311418 99066 178698 245532 335118
