8
81 18 36 81 90 63 72 81
18 4 8 18 20 14 16 18
36 8 16 36 40 28 32 36
81 18 36 81 90 63 72 81
90 20 40 90 100 70 80 90
63 14 28 63 70 49 56 63
72 16 32 72 80 56 64 72
81 18 36 81 90 63 72 81
