100
815409 660996 847917 812700 78561 303408 431634 27993 554442 793737 311535 363006 181503 659190 32508 884940 383775 114681 789222 357588 251937 850626 355782 810894 718788 608622 771162 814506 807282 562569 1806 133644 319662 263676 42441 715176 566181 473172 743169 534576 681765 150801 897582 277221 224847 26187 258258 607719 139965 144480 61404 708855 91203 416283 31605 223944 438858 216720 453306 343140 778386 772065 793737 194145 131838 836178 5418 697116 723303 162540 328692 819021 631197 322371 192339 855141 665511 450597 876813 804573 9030 34314 25284 417186 767550 55986 640227 302505 271803 507486 59598 146286 375648 853335 657384 824439 785610 76755 618555 19866
660996 535824 687348 658800 63684 245952 349896 22692 449448 643428 252540 294264 147132 534360 26352 717360 311100 92964 639768 289872 204228 689544 288408 657336 582672 493368 625128 660264 654408 456036 1464 108336 259128 213744 34404 579744 458964 383568 602436 433344 552660 122244 727608 224724 182268 21228 209352 492636 113460 117120 49776 574620 73932 337452 25620 181536 355752 175680 367464 278160 630984 625860 643428 157380 106872 677832 4392 565104 586332 131760 266448 663924 511668 261324 155916 693204 539484 365268 710772 652212 7320 27816 20496 338184 622200 45384 518988 245220 220332 411384 48312 118584 304512 691740 532896 668316 636840 62220 501420 16104
847917 687348 881721 845100 81693 315504 448842 29109 576546 825381 323955 377478 188739 685470 33804 920220 399075 119253 820686 371844 261981 884538 369966 843222 747444 632886 801906 846978 839466 584997 1878 138972 332406 274188 44133 743688 588753 492036 772797 555888 708945 156813 933366 288273 233811 27231 268554 631947 145545 150240 63852 737115 94839 432879 32865 232872 456354 225360 471378 356820 809418 802845 825381 201885 137094 869514 5634 724908 752139 169020 341796 851673 656361 335223 200007 889233 692043 468561 911769 836649 9390 35682 26292 433818 798150 58218 665751 314565 282639 527718 61974 152118 390624 887355 683592 857307 816930 79815 643215 20658
812700 658800 845100 810000 78300 302400 430200 27900 552600 791100 310500 361800 180900 657000 32400 882000 382500 114300 786600 356400 251100 847800 354600 808200 716400 606600 768600 811800 804600 560700 1800 133200 318600 262800 42300 712800 564300 471600 740700 532800 679500 150300 894600 276300 224100 26100 257400 605700 139500 144000 61200 706500 90900 414900 31500 223200 437400 216000 451800 342000 775800 769500 791100 193500 131400 833400 5400 694800 720900 162000 327600 816300 629100 321300 191700 852300 663300 449100 873900 801900 9000 34200 25200 415800 765000 55800 638100 301500 270900 505800 59400 145800 374400 850500 655200 821700 783000 76500 616500 19800
78561 63684 81693 78300 7569 29232 41586 2697 53418 76473 30015 34974 17487 63510 3132 85260 36975 11049 76038 34452 24273 81954 34278 78126 69252 58638 74298 78474 77778 54201 174 12876 30798 25404 4089 68904 54549 45588 71601 51504 65685 14529 86478 26709 21663 2523 24882 58551 13485 13920 5916 68295 8787 40107 3045 21576 42282 20880 43674 33060 74994 74385 76473 18705 12702 80562 522 67164 69687 15660 31668 78909 60813 31059 18531 82389 64119 43413 84477 77517 870 3306 2436 40194 73950 5394 61683 29145 26187 48894 5742 14094 36192 82215 63336 79431 75690 7395 59595 1914
303408 245952 315504 302400 29232 112896 160608 10416 206304 295344 115920 135072 67536 245280 12096 329280 142800 42672 293664 133056 93744 316512 132384 301728 267456 226464 286944 303072 300384 209328 672 49728 118944 98112 15792 266112 210672 176064 276528 198912 253680 56112 333984 103152 83664 9744 96096 226128 52080 53760 22848 263760 33936 154896 11760 83328 163296 80640 168672 127680 289632 287280 295344 72240 49056 311136 2016 259392 269136 60480 122304 304752 234864 119952 71568 318192 247632 167664 326256 299376 3360 12768 9408 155232 285600 20832 238224 112560 101136 188832 22176 54432 139776 317520 244608 306768 292320 28560 230160 7392
431634 349896 448842 430200 41586 160608 228484 14818 293492 420162 164910 192156 96078 348940 17208 468440 203150 60706 417772 189288 133362 450276 188332 429244 380488 322172 408212 431156 427332 297794 956 70744 169212 139576 22466 378576 299706 250472 393394 282976 360890 79826 475132 146746 119022 13862 136708 321694 74090 76480 32504 375230 48278 220358 16730 118544 232308 114720 239956 181640 412036 408690 420162 102770 69788 442628 2868 369016 382878 86040 173992 433546 334122 170646 101814 452666 352286 238522 464138 425898 4780 18164 13384 220836 406300 29636 338902 160130 143878 268636 31548 77436 198848 451710 347984 436414 415860 40630 327430 10516
27993 22692 29109 27900 2697 10416 14818 961 19034 27249 10695 12462 6231 22630 1116 30380 13175 3937 27094 12276 8649 29202 12214 27838 24676 20894 26474 27962 27714 19313 62 4588 10974 9052 1457 24552 19437 16244 25513 18352 23405 5177 30814 9517 7719 899 8866 20863 4805 4960 2108 24335 3131 14291 1085 7688 15066 7440 15562 11780 26722 26505 27249 6665 4526 28706 186 23932 24831 5580 11284 28117 21669 11067 6603 29357 22847 15469 30101 27621 310 1178 868 14322 26350 1922 21979 10385 9331 17422 2046 5022 12896 29295 22568 28303 26970 2635 21235 682
554442 449448 576546 552600 53418 206304 293492 19034 376996 539706 211830 246828 123414 448220 22104 601720 260950 77978 536636 243144 171306 578388 241916 551372 488744 413836 524356 553828 548916 382522 1228 90872 217356 179288 28858 486288 384978 321736 505322 363488 463570 102538 610316 188498 152886 17806 175604 413222 95170 98240 41752 481990 62014 283054 21490 152272 298404 147360 308228 233320 529268 524970 539706 132010 89644 568564 3684 474008 491814 110520 223496 556898 429186 219198 130782 581458 452518 306386 596194 547074 6140 23332 17192 283668 521900 38068 435326 205690 184814 345068 40524 99468 255424 580230 446992 560582 534180 52190 420590 13508
793737 643428 825381 791100 76473 295344 420162 27249 539706 772641 303255 353358 176679 641670 31644 861420 373575 111633 768246 348084 245241 828018 346326 789342 699684 592446 750666 792858 785826 547617 1758 130092 311166 256668 41313 696168 551133 460596 723417 520368 663645 146793 873726 269853 218871 25491 251394 591567 136245 140640 59772 690015 88779 405219 30765 217992 427194 210960 441258 334020 757698 751545 772641 188985 128334 813954 5274 678588 704079 158220 319956 797253 614421 313803 187227 832413 647823 438621 853509 783189 8790 33402 24612 406098 747150 54498 623211 294465 264579 493998 58014 142398 365664 830655 639912 802527 764730 74715 602115 19338
311535 252540 323955 310500 30015 115920 164910 10695 211830 303255 119025 138690 69345 251850 12420 338100 146625 43815 301530 136620 96255 324990 135930 309810 274620 232530 294630 311190 308430 214935 690 51060 122130 100740 16215 273240 216315 180780 283935 204240 260475 57615 342930 105915 85905 10005 98670 232185 53475 55200 23460 270825 34845 159045 12075 85560 167670 82800 173190 131100 297390 294975 303255 74175 50370 319470 2070 266340 276345 62100 125580 312915 241155 123165 73485 326715 254265 172155 334995 307395 3450 13110 9660 159390 293250 21390 244605 115575 103845 193890 22770 55890 143520 326025 251160 314985 300150 29325 236325 7590
363006 294264 377478 361800 34974 135072 192156 12462 246828 353358 138690 161604 80802 293460 14472 393960 170850 51054 351348 159192 112158 378684 158388 360996 319992 270948 343308 362604 359388 250446 804 59496 142308 117384 18894 318384 252054 210648 330846 237984 303510 67134 399588 123414 100098 11658 114972 270546 62310 64320 27336 315570 40602 185322 14070 99696 195372 96480 201804 152760 346524 343710 353358 86430 58692 372252 2412 310344 322002 72360 146328 364614 280998 143514 85626 380694 296274 200598 390342 358182 4020 15276 11256 185724 341700 24924 285018 134670 121002 225924 26532 65124 167232 379890 292656 367026 349740 34170 275370 8844
181503 147132 188739 180900 17487 67536 96078 6231 123414 176679 69345 80802 40401 146730 7236 196980 85425 25527 175674 79596 56079 189342 79194 180498 159996 135474 171654 181302 179694 125223 402 29748 71154 58692 9447 159192 126027 105324 165423 118992 151755 33567 199794 61707 50049 5829 57486 135273 31155 32160 13668 157785 20301 92661 7035 49848 97686 48240 100902 76380 173262 171855 176679 43215 29346 186126 1206 155172 161001 36180 73164 182307 140499 71757 42813 190347 148137 100299 195171 179091 2010 7638 5628 92862 170850 12462 142509 67335 60501 112962 13266 32562 83616 189945 146328 183513 174870 17085 137685 4422
659190 534360 685470 657000 63510 245280 348940 22630 448220 641670 251850 293460 146730 532900 26280 715400 310250 92710 638020 289080 203670 687660 287620 655540 581080 492020 623420 658460 652620 454790 1460 108040 258420 213160 34310 578160 457710 382520 600790 432160 551150 121910 725620 224110 181770 21170 208780 491290 113150 116800 49640 573050 73730 336530 25550 181040 354780 175200 366460 277400 629260 624150 641670 156950 106580 675980 4380 563560 584730 131400 265720 662110 510270 260610 155490 691310 538010 364270 708830 650430 7300 27740 20440 337260 620500 45260 517570 244550 219730 410260 48180 118260 303680 689850 531440 666490 635100 62050 500050 16060
32508 26352 33804 32400 3132 12096 17208 1116 22104 31644 12420 14472 7236 26280 1296 35280 15300 4572 31464 14256 10044 33912 14184 32328 28656 24264 30744 32472 32184 22428 72 5328 12744 10512 1692 28512 22572 18864 29628 21312 27180 6012 35784 11052 8964 1044 10296 24228 5580 5760 2448 28260 3636 16596 1260 8928 17496 8640 18072 13680 31032 30780 31644 7740 5256 33336 216 27792 28836 6480 13104 32652 25164 12852 7668 34092 26532 17964 34956 32076 360 1368 1008 16632 30600 2232 25524 12060 10836 20232 2376 5832 14976 34020 26208 32868 31320 3060 24660 792
884940 717360 920220 882000 85260 329280 468440 30380 601720 861420 338100 393960 196980 715400 35280 960400 416500 124460 856520 388080 273420 923160 386120 880040 780080 660520 836920 883960 876120 610540 1960 145040 346920 286160 46060 776160 614460 513520 806540 580160 739900 163660 974120 300860 244020 28420 280280 659540 151900 156800 66640 769300 98980 451780 34300 243040 476280 235200 491960 372400 844760 837900 861420 210700 143080 907480 5880 756560 784980 176400 356720 888860 685020 349860 208740 928060 722260 489020 951580 873180 9800 37240 27440 452760 833000 60760 694820 328300 294980 550760 64680 158760 407680 926100 713440 894740 852600 83300 671300 21560
383775 311100 399075 382500 36975 142800 203150 13175 260950 373575 146625 170850 85425 310250 15300 416500 180625 53975 371450 168300 118575 400350 167450 381650 338300 286450 362950 383350 379950 264775 850 62900 150450 124100 19975 336600 266475 222700 349775 251600 320875 70975 422450 130475 105825 12325 121550 286025 65875 68000 28900 333625 42925 195925 14875 105400 206550 102000 213350 161500 366350 363375 373575 91375 62050 393550 2550 328100 340425 76500 154700 385475 297075 151725 90525 402475 313225 212075 412675 378675 4250 16150 11900 196350 361250 26350 301325 142375 127925 238850 28050 68850 176800 401625 309400 388025 369750 36125 291125 9350
114681 92964 119253 114300 11049 42672 60706 3937 77978 111633 43815 51054 25527 92710 4572 124460 53975 16129 110998 50292 35433 119634 50038 114046 101092 85598 108458 114554 113538 79121 254 18796 44958 37084 5969 100584 79629 66548 104521 75184 95885 21209 126238 38989 31623 3683 36322 85471 19685 20320 8636 99695 12827 58547 4445 31496 61722 30480 63754 48260 109474 108585 111633 27305 18542 117602 762 98044 101727 22860 46228 115189 88773 45339 27051 120269 93599 63373 123317 113157 1270 4826 3556 58674 107950 7874 90043 42545 38227 71374 8382 20574 52832 120015 92456 115951 110490 10795 86995 2794
789222 639768 820686 786600 76038 293664 417772 27094 536636 768246 301530 351348 175674 638020 31464 856520 371450 110998 763876 346104 243846 823308 344356 784852 695704 589076 746396 788348 781356 544502 1748 129352 309396 255208 41078 692208 547998 457976 719302 517408 659870 145958 868756 268318 217626 25346 249964 588202 135470 139840 59432 686090 88274 402914 30590 216752 424764 209760 438748 332120 753388 747270 768246 187910 127604 809324 5244 674728 700074 157320 318136 792718 610926 312018 186162 827678 644138 436126 848654 778734 8740 33212 24472 403788 742900 54188 619666 292790 263074 491188 57684 141588 363584 825930 636272 797962 760380 74290 598690 19228
357588 289872 371844 356400 34452 133056 189288 12276 243144 348084 136620 159192 79596 289080 14256 388080 168300 50292 346104 156816 110484 373032 156024 355608 315216 266904 338184 357192 354024 246708 792 58608 140184 115632 18612 313632 248292 207504 325908 234432 298980 66132 393624 121572 98604 11484 113256 266508 61380 63360 26928 310860 39996 182556 13860 98208 192456 95040 198792 150480 341352 338580 348084 85140 57816 366696 2376 305712 317196 71280 144144 359172 276804 141372 84348 375012 291852 197604 384516 352836 3960 15048 11088 182952 336600 24552 280764 132660 119196 222552 26136 64152 164736 374220 288288 361548 344520 33660 271260 8712
251937 204228 261981 251100 24273 93744 133362 8649 171306 245241 96255 112158 56079 203670 10044 273420 118575 35433 243846 110484 77841 262818 109926 250542 222084 188046 238266 251658 249426 173817 558 41292 98766 81468 13113 220968 174933 146196 229617 165168 210645 46593 277326 85653 69471 8091 79794 187767 43245 44640 18972 219015 28179 128619 9765 69192 135594 66960 140058 106020 240498 238545 245241 59985 40734 258354 1674 215388 223479 50220 101556 253053 195021 99603 59427 264213 205623 139221 270909 248589 2790 10602 7812 128898 237150 17298 197811 93465 83979 156798 18414 45198 116064 263655 203112 254727 242730 23715 191115 6138
850626 689544 884538 847800 81954 316512 450276 29202 578388 828018 324990 378684 189342 687660 33912 923160 400350 119634 823308 373032 262818 887364 371148 845916 749832 634908 804468 849684 842148 586866 1884 139416 333468 275064 44274 746064 590634 493608 775266 557664 711210 157314 936348 289194 234558 27318 269412 633966 146010 150720 64056 739470 95142 434262 32970 233616 457812 226080 472884 357960 812004 805410 828018 202530 137532 872292 5652 727224 754542 169560 342888 854394 658458 336294 200646 892074 694254 470058 914682 839322 9420 35796 26376 435204 800700 58404 667878 315570 283542 529404 62172 152604 391872 890190 685776 860046 819540 80070 645270 20724
355782 288408 369966 354600 34278 132384 188332 12214 241916 346326 135930 158388 79194 287620 14184 386120 167450 50038 344356 156024 109926 371148 155236 353812 313624 265556 336476 355388 352236 245462 788 58312 139476 115048 18518 312048 247038 206456 324262 233248 297470 65798 391636 120958 98106 11426 112684 265162 61070 63040 26792 309290 39794 181634 13790 97712 191484 94560 197788 149720 339628 336870 346326 84710 57524 364844 2364 304168 315594 70920 143416 357358 275406 140658 83922 373118 290378 196606 382574 351054 3940 14972 11032 182028 334900 24428 279346 131990 118594 221428 26004 63828 163904 372330 286832 359722 342780 33490 269890 8668
810894 657336 843222 808200 78126 301728 429244 27838 551372 789342 309810 360996 180498 655540 32328 880040 381650 114046 784852 355608 250542 845916 353812 806404 714808 605252 766892 809996 802812 559454 1796 132904 317892 262216 42206 711216 563046 470552 739054 531616 677990 149966 892612 275686 223602 26042 256828 604354 139190 143680 61064 704930 90698 413978 31430 222704 436428 215520 450796 341240 774076 767790 789342 193070 131108 831548 5388 693256 719298 161640 326872 814486 627702 320586 191274 850406 661826 448102 871958 800118 8980 34124 25144 414876 763300 55676 636682 300830 270298 504676 59268 145476 373568 848610 653744 819874 781260 76330 615130 19756
718788 582672 747444 716400 69252 267456 380488 24676 488744 699684 274620 319992 159996 581080 28656 780080 338300 101092 695704 315216 222084 749832 313624 714808 633616 536504 679784 717992 711624 495908 1592 117808 281784 232432 37412 630432 499092 417104 655108 471232 600980 132932 791224 244372 198204 23084 227656 535708 123380 127360 54128 624860 80396 366956 27860 197408 386856 191040 399592 302480 686152 680580 699684 171140 116216 737096 4776 614512 637596 143280 289744 721972 556404 284172 169548 753812 586652 397204 772916 709236 7960 30248 22288 367752 676600 49352 564364 266660 239596 447352 52536 128952 331136 752220 579488 726748 692520 67660 545260 17512
608622 493368 632886 606600 58638 226464 322172 20894 413836 592446 232530 270948 135474 492020 24264 660520 286450 85598 589076 266904 188046 634908 265556 605252 536504 454276 575596 607948 602556 419902 1348 99752 238596 196808 31678 533808 422598 353176 554702 399008 508870 112558 669956 206918 167826 19546 192764 453602 104470 107840 45832 529090 68074 310714 23590 167152 327564 161760 338348 256120 580988 576270 592446 144910 98404 624124 4044 520328 539874 121320 245336 611318 471126 240618 143562 638278 496738 336326 654454 600534 6740 25612 18872 311388 572900 41788 477866 225790 202874 378788 44484 109188 280384 636930 490672 615362 586380 57290 461690 14828
771162 625128 801906 768600 74298 286944 408212 26474 524356 750666 294630 343308 171654 623420 30744 836920 362950 108458 746396 338184 238266 804468 336476 766892 679784 575596 729316 770308 763476 532042 1708 126392 302316 249368 40138 676368 535458 447496 702842 505568 644770 142618 848876 262178 212646 24766 244244 574742 132370 136640 58072 670390 86254 393694 29890 211792 415044 204960 428708 324520 736148 730170 750666 183610 124684 790804 5124 659288 684054 153720 310856 774578 596946 304878 181902 808738 629398 426146 829234 760914 8540 32452 23912 394548 725900 52948 605486 286090 257054 479948 56364 138348 355264 807030 621712 779702 742980 72590 584990 18788
814506 660264 846978 811800 78474 303072 431156 27962 553828 792858 311190 362604 181302 658460 32472 883960 383350 114554 788348 357192 251658 849684 355388 809996 717992 607948 770308 813604 806388 561946 1804 133496 319308 263384 42394 714384 565554 472648 742346 533984 681010 150634 896588 276914 224598 26158 257972 607046 139810 144320 61336 708070 91102 415822 31570 223696 438372 216480 452804 342760 777524 771210 792858 193930 131692 835252 5412 696344 722502 162360 328328 818114 630498 322014 192126 854194 664774 450098 875842 803682 9020 34276 25256 416724 766700 55924 639518 302170 271502 506924 59532 146124 375232 852390 656656 823526 784740 76670 617870 19844
807282 654408 839466 804600 77778 300384 427332 27714 548916 785826 308430 359388 179694 652620 32184 876120 379950 113538 781356 354024 249426 842148 352236 802812 711624 602556 763476 806388 799236 556962 1788 132312 316476 261048 42018 708048 560538 468456 735762 529248 674970 149298 888636 274458 222606 25926 255684 601662 138570 143040 60792 701790 90294 412134 31290 221712 434484 214560 448788 339720 770628 764370 785826 192210 130524 827844 5364 690168 716094 160920 325416 810858 624906 319158 190422 846618 658878 446106 868074 796554 8940 33972 25032 413028 759900 55428 633846 299490 269094 502428 59004 144828 371904 844830 650832 816222 777780 75990 612390 19668
562569 456036 584997 560700 54201 209328 297794 19313 382522 547617 214935 250446 125223 454790 22428 610540 264775 79121 544502 246708 173817 586866 245462 559454 495908 419902 532042 561946 556962 388129 1246 92204 220542 181916 29281 493416 390621 326452 512729 368816 470365 104041 619262 191261 155127 18067 178178 419279 96565 99680 42364 489055 62923 287203 21805 154504 302778 149520 312746 236740 537026 532665 547617 133945 90958 576898 3738 480956 499023 112140 226772 565061 435477 222411 132699 589981 459151 310877 604933 555093 6230 23674 17444 287826 529550 38626 441707 208705 187523 350126 41118 100926 259168 588735 453544 568799 542010 52955 426755 13706
1806 1464 1878 1800 174 672 956 62 1228 1758 690 804 402 1460 72 1960 850 254 1748 792 558 1884 788 1796 1592 1348 1708 1804 1788 1246 4 296 708 584 94 1584 1254 1048 1646 1184 1510 334 1988 614 498 58 572 1346 310 320 136 1570 202 922 70 496 972 480 1004 760 1724 1710 1758 430 292 1852 12 1544 1602 360 728 1814 1398 714 426 1894 1474 998 1942 1782 20 76 56 924 1700 124 1418 670 602 1124 132 324 832 1890 1456 1826 1740 170 1370 44
133644 108336 138972 133200 12876 49728 70744 4588 90872 130092 51060 59496 29748 108040 5328 145040 62900 18796 129352 58608 41292 139416 58312 132904 117808 99752 126392 133496 132312 92204 296 21904 52392 43216 6956 117216 92796 77552 121804 87616 111740 24716 147112 45436 36852 4292 42328 99604 22940 23680 10064 116180 14948 68228 5180 36704 71928 35520 74296 56240 127576 126540 130092 31820 21608 137048 888 114256 118548 26640 53872 134236 103452 52836 31524 140156 109076 73852 143708 131868 1480 5624 4144 68376 125800 9176 104932 49580 44548 83176 9768 23976 61568 139860 107744 135124 128760 12580 101380 3256
319662 259128 332406 318600 30798 118944 169212 10974 217356 311166 122130 142308 71154 258420 12744 346920 150450 44958 309396 140184 98766 333468 139476 317892 281784 238596 302316 319308 316476 220542 708 52392 125316 103368 16638 280368 221958 185496 291342 209568 267270 59118 351876 108678 88146 10266 101244 238242 54870 56640 24072 277890 35754 163194 12390 87792 172044 84960 177708 134520 305148 302670 311166 76110 51684 327804 2124 273288 283554 63720 128856 321078 247446 126378 75402 335238 260898 176646 343734 315414 3540 13452 9912 163548 300900 21948 250986 118590 106554 198948 23364 57348 147264 334530 257712 323202 307980 30090 242490 7788
263676 213744 274188 262800 25404 98112 139576 9052 179288 256668 100740 117384 58692 213160 10512 286160 124100 37084 255208 115632 81468 275064 115048 262216 232432 196808 249368 263384 261048 181916 584 43216 103368 85264 13724 231264 183084 153008 240316 172864 220460 48764 290248 89644 72708 8468 83512 196516 45260 46720 19856 229220 29492 134612 10220 72416 141912 70080 146584 110960 251704 249660 256668 62780 42632 270392 1752 225424 233892 52560 106288 264844 204108 104244 62196 276524 215204 145708 283532 260172 2920 11096 8176 134904 248200 18104 207028 97820 87892 164104 19272 47304 121472 275940 212576 266596 254040 24820 200020 6424
42441 34404 44133 42300 4089 15792 22466 1457 28858 41313 16215 18894 9447 34310 1692 46060 19975 5969 41078 18612 13113 44274 18518 42206 37412 31678 40138 42394 42018 29281 94 6956 16638 13724 2209 37224 29469 24628 38681 27824 35485 7849 46718 14429 11703 1363 13442 31631 7285 7520 3196 36895 4747 21667 1645 11656 22842 11280 23594 17860 40514 40185 41313 10105 6862 43522 282 36284 37647 8460 17108 42629 32853 16779 10011 44509 34639 23453 45637 41877 470 1786 1316 21714 39950 2914 33323 15745 14147 26414 3102 7614 19552 44415 34216 42911 40890 3995 32195 1034
715176 579744 743688 712800 68904 266112 378576 24552 486288 696168 273240 318384 159192 578160 28512 776160 336600 100584 692208 313632 220968 746064 312048 711216 630432 533808 676368 714384 708048 493416 1584 117216 280368 231264 37224 627264 496584 415008 651816 468864 597960 132264 787248 243144 197208 22968 226512 533016 122760 126720 53856 621720 79992 365112 27720 196416 384912 190080 397584 300960 682704 677160 696168 170280 115632 733392 4752 611424 634392 142560 288288 718344 553608 282744 168696 750024 583704 395208 769032 705672 7920 30096 22176 365904 673200 49104 561528 265320 238392 445104 52272 128304 329472 748440 576576 723096 689040 67320 542520 17424
566181 458964 588753 564300 54549 210672 299706 19437 384978 551133 216315 252054 126027 457710 22572 614460 266475 79629 547998 248292 174933 590634 247038 563046 499092 422598 535458 565554 560538 390621 1254 92796 221958 183084 29469 496584 393129 328548 516021 371184 473385 104709 623238 192489 156123 18183 179322 421971 97185 100320 42636 492195 63327 289047 21945 155496 304722 150480 314754 238260 540474 536085 551133 134805 91542 580602 3762 484044 502227 112860 228228 568689 438273 223839 133551 593769 462099 312873 608817 558657 6270 23826 17556 289674 532950 38874 444543 210045 188727 352374 41382 101574 260832 592515 456456 572451 545490 53295 429495 13794
473172 383568 492036 471600 45588 176064 250472 16244 321736 460596 180780 210648 105324 382520 18864 513520 222700 66548 457976 207504 146196 493608 206456 470552 417104 353176 447496 472648 468456 326452 1048 77552 185496 153008 24628 415008 328548 274576 431252 310208 395620 87508 520856 160868 130476 15196 149864 352652 81220 83840 35632 411340 52924 241564 18340 129952 254664 125760 263048 199120 451688 448020 460596 112660 76504 485224 3144 404528 419724 94320 190736 475268 366276 187068 111612 496228 386188 261476 508804 466884 5240 19912 14672 242088 445400 32488 371516 175540 157724 294488 34584 84888 217984 495180 381472 478412 455880 44540 358940 11528
743169 602436 772797 740700 71601 276528 393394 25513 505322 723417 283935 330846 165423 600790 29628 806540 349775 104521 719302 325908 229617 775266 324262 739054 655108 554702 702842 742346 735762 512729 1646 121804 291342 240316 38681 651816 516021 431252 677329 487216 621365 137441 818062 252661 204927 23867 235378 553879 127565 131680 55964 646055 83123 379403 28805 204104 399978 197520 413146 312740 709426 703665 723417 176945 120158 762098 4938 635356 659223 148140 299572 746461 575277 293811 175299 779381 606551 410677 799133 733293 8230 31274 23044 380226 699550 51026 583507 275705 247723 462526 54318 133326 342368 777735 599144 751399 716010 69955 563755 18106
534576 433344 555888 532800 51504 198912 282976 18352 363488 520368 204240 237984 118992 432160 21312 580160 251600 75184 517408 234432 165168 557664 233248 531616 471232 399008 505568 533984 529248 368816 1184 87616 209568 172864 27824 468864 371184 310208 487216 350464 446960 98864 588448 181744 147408 17168 169312 398416 91760 94720 40256 464720 59792 272912 20720 146816 287712 142080 297184 224960 510304 506160 520368 127280 86432 548192 3552 457024 474192 106560 215488 536944 413808 211344 126096 560624 436304 295408 574832 527472 5920 22496 16576 273504 503200 36704 419728 198320 178192 332704 39072 95904 246272 559440 430976 540496 515040 50320 405520 13024
681765 552660 708945 679500 65685 253680 360890 23405 463570 663645 260475 303510 151755 551150 27180 739900 320875 95885 659870 298980 210645 711210 297470 677990 600980 508870 644770 681010 674970 470365 1510 111740 267270 220460 35485 597960 473385 395620 621365 446960 570025 126085 750470 231785 187995 21895 215930 508115 117025 120800 51340 592675 76255 348055 26425 187240 366930 181200 379010 286900 650810 645525 663645 162325 110230 699130 4530 582860 604755 135900 274820 684785 527745 269535 160815 714985 556435 376745 733105 672705 7550 28690 21140 348810 641750 46810 535295 252925 227255 424310 49830 122310 314080 713475 549640 689315 656850 64175 517175 16610
150801 122244 156813 150300 14529 56112 79826 5177 102538 146793 57615 67134 33567 121910 6012 163660 70975 21209 145958 66132 46593 157314 65798 149966 132932 112558 142618 150634 149298 104041 334 24716 59118 48764 7849 132264 104709 87508 137441 98864 126085 27889 165998 51269 41583 4843 47762 112391 25885 26720 11356 131095 16867 76987 5845 41416 81162 40080 83834 63460 143954 142785 146793 35905 24382 154642 1002 128924 133767 30060 60788 151469 116733 59619 35571 158149 123079 83333 162157 148797 1670 6346 4676 77154 141950 10354 118403 55945 50267 93854 11022 27054 69472 157815 121576 152471 145290 14195 114395 3674
897582 727608 933366 894600 86478 333984 475132 30814 610316 873726 342930 399588 199794 725620 35784 974120 422450 126238 868756 393624 277326 936348 391636 892612 791224 669956 848876 896588 888636 619262 1988 147112 351876 290248 46718 787248 623238 520856 818062 588448 750470 165998 988036 305158 247506 28826 284284 668962 154070 159040 67592 780290 100394 458234 34790 246512 483084 238560 498988 377720 856828 849870 873726 213710 145124 920444 5964 767368 796194 178920 361816 901558 694806 354858 211722 941318 732578 496006 965174 885654 9940 37772 27832 459228 844900 61628 704746 332990 299194 558628 65604 161028 413504 939330 723632 907522 864780 84490 680890 21868
277221 224724 288273 276300 26709 103152 146746 9517 188498 269853 105915 123414 61707 224110 11052 300860 130475 38989 268318 121572 85653 289194 120958 275686 244372 206918 262178 276914 274458 191261 614 45436 108678 89644 14429 243144 192489 160868 252661 181744 231785 51269 305158 94249 76443 8903 87802 206611 47585 49120 20876 240995 31007 141527 10745 76136 149202 73680 154114 116660 264634 262485 269853 66005 44822 284282 1842 237004 245907 55260 111748 278449 214593 109599 65391 290729 226259 153193 298097 273537 3070 11666 8596 141834 260950 19034 217663 102845 92407 172534 20262 49734 127712 290115 223496 280291 267090 26095 210295 6754
224847 182268 233811 224100 21663 83664 119022 7719 152886 218871 85905 100098 50049 181770 8964 244020 105825 31623 217626 98604 69471 234558 98106 223602 198204 167826 212646 224598 222606 155127 498 36852 88146 72708 11703 197208 156123 130476 204927 147408 187995 41583 247506 76443 62001 7221 71214 167577 38595 39840 16932 195465 25149 114789 8715 61752 121014 59760 124998 94620 214638 212895 218871 53535 36354 230574 1494 192228 199449 44820 90636 225843 174051 88893 53037 235803 183513 124251 241779 221859 2490 9462 6972 115038 211650 15438 176541 83415 74949 139938 16434 40338 103584 235305 181272 227337 216630 21165 170565 5478
26187 21228 27231 26100 2523 9744 13862 899 17806 25491 10005 11658 5829 21170 1044 28420 12325 3683 25346 11484 8091 27318 11426 26042 23084 19546 24766 26158 25926 18067 58 4292 10266 8468 1363 22968 18183 15196 23867 17168 21895 4843 28826 8903 7221 841 8294 19517 4495 4640 1972 22765 2929 13369 1015 7192 14094 6960 14558 11020 24998 24795 25491 6235 4234 26854 174 22388 23229 5220 10556 26303 20271 10353 6177 27463 21373 14471 28159 25839 290 1102 812 13398 24650 1798 20561 9715 8729 16298 1914 4698 12064 27405 21112 26477 25230 2465 19865 638
258258 209352 268554 257400 24882 96096 136708 8866 175604 251394 98670 114972 57486 208780 10296 280280 121550 36322 249964 113256 79794 269412 112684 256828 227656 192764 244244 257972 255684 178178 572 42328 101244 83512 13442 226512 179322 149864 235378 169312 215930 47762 284284 87802 71214 8294 81796 192478 44330 45760 19448 224510 28886 131846 10010 70928 138996 68640 143572 108680 246532 244530 251394 61490 41756 264836 1716 220792 229086 51480 104104 259402 199914 102102 60918 270842 210782 142714 277706 254826 2860 10868 8008 132132 243100 17732 202774 95810 86086 160732 18876 46332 118976 270270 208208 261118 248820 24310 195910 6292
607719 492636 631947 605700 58551 226128 321694 20863 413222 591567 232185 270546 135273 491290 24228 659540 286025 85471 588202 266508 187767 633966 265162 604354 535708 453602 574742 607046 601662 419279 1346 99604 238242 196516 31631 533016 421971 352652 553879 398416 508115 112391 668962 206611 167577 19517 192478 452929 104315 107680 45764 528305 67973 310253 23555 166904 327078 161520 337846 255740 580126 575415 591567 144695 98258 623198 4038 519556 539073 121140 244972 610411 470427 240261 143349 637331 496001 335827 653483 599643 6730 25574 18844 310926 572050 41726 477157 225455 202573 378226 44418 109026 279968 635985 489944 614449 585510 57205 461005 14806
139965 113460 145545 139500 13485 52080 74090 4805 95170 136245 53475 62310 31155 113150 5580 151900 65875 19685 135470 61380 43245 146010 61070 139190 123380 104470 132370 139810 138570 96565 310 22940 54870 45260 7285 122760 97185 81220 127565 91760 117025 25885 154070 47585 38595 4495 44330 104315 24025 24800 10540 121675 15655 71455 5425 38440 75330 37200 77810 58900 133610 132525 136245 33325 22630 143530 930 119660 124155 27900 56420 140585 108345 55335 33015 146785 114235 77345 150505 138105 1550 5890 4340 71610 131750 9610 109895 51925 46655 87110 10230 25110 64480 146475 112840 141515 134850 13175 106175 3410
144480 117120 150240 144000 13920 53760 76480 4960 98240 140640 55200 64320 32160 116800 5760 156800 68000 20320 139840 63360 44640 150720 63040 143680 127360 107840 136640 144320 143040 99680 320 23680 56640 46720 7520 126720 100320 83840 131680 94720 120800 26720 159040 49120 39840 4640 45760 107680 24800 25600 10880 125600 16160 73760 5600 39680 77760 38400 80320 60800 137920 136800 140640 34400 23360 148160 960 123520 128160 28800 58240 145120 111840 57120 34080 151520 117920 79840 155360 142560 1600 6080 4480 73920 136000 9920 113440 53600 48160 89920 10560 25920 66560 151200 116480 146080 139200 13600 109600 3520
61404 49776 63852 61200 5916 22848 32504 2108 41752 59772 23460 27336 13668 49640 2448 66640 28900 8636 59432 26928 18972 64056 26792 61064 54128 45832 58072 61336 60792 42364 136 10064 24072 19856 3196 53856 42636 35632 55964 40256 51340 11356 67592 20876 16932 1972 19448 45764 10540 10880 4624 53380 6868 31348 2380 16864 33048 16320 34136 25840 58616 58140 59772 14620 9928 62968 408 52496 54468 12240 24752 61676 47532 24276 14484 64396 50116 33932 66028 60588 680 2584 1904 31416 57800 4216 48212 22780 20468 38216 4488 11016 28288 64260 49504 62084 59160 5780 46580 1496
708855 574620 737115 706500 68295 263760 375230 24335 481990 690015 270825 315570 157785 573050 28260 769300 333625 99695 686090 310860 219015 739470 309290 704930 624860 529090 670390 708070 701790 489055 1570 116180 277890 229220 36895 621720 492195 411340 646055 464720 592675 131095 780290 240995 195465 22765 224510 528305 121675 125600 53380 616225 79285 361885 27475 194680 381510 188400 394070 298300 676670 671175 690015 168775 114610 726910 4710 606020 628785 141300 285740 711995 548715 280245 167205 743395 578545 391715 762235 699435 7850 29830 21980 362670 667250 48670 556565 262975 236285 441170 51810 127170 326560 741825 571480 716705 682950 66725 537725 17270
91203 73932 94839 90900 8787 33936 48278 3131 62014 88779 34845 40602 20301 73730 3636 98980 42925 12827 88274 39996 28179 95142 39794 90698 80396 68074 86254 91102 90294 62923 202 14948 35754 29492 4747 79992 63327 52924 83123 59792 76255 16867 100394 31007 25149 2929 28886 67973 15655 16160 6868 79285 10201 46561 3535 25048 49086 24240 50702 38380 87062 86355 88779 21715 14746 93526 606 77972 80901 18180 36764 91607 70599 36057 21513 95647 74437 50399 98071 89991 1010 3838 2828 46662 85850 6262 71609 33835 30401 56762 6666 16362 42016 95445 73528 92213 87870 8585 69185 2222
416283 337452 432879 414900 40107 154896 220358 14291 283054 405219 159045 185322 92661 336530 16596 451780 195925 58547 402914 182556 128619 434262 181634 413978 366956 310714 393694 415822 412134 287203 922 68228 163194 134612 21667 365112 289047 241564 379403 272912 348055 76987 458234 141527 114789 13369 131846 310253 71455 73760 31348 361885 46561 212521 16135 114328 224046 110640 231422 175180 397382 394155 405219 99115 67306 426886 2766 355892 369261 82980 167804 418127 322239 164577 98193 436567 339757 230039 447631 410751 4610 17518 12908 212982 391850 28582 326849 154435 138761 259082 30426 74682 191776 435645 335608 420893 401070 39185 315785 10142
31605 25620 32865 31500 3045 11760 16730 1085 21490 30765 12075 14070 7035 25550 1260 34300 14875 4445 30590 13860 9765 32970 13790 31430 27860 23590 29890 31570 31290 21805 70 5180 12390 10220 1645 27720 21945 18340 28805 20720 26425 5845 34790 10745 8715 1015 10010 23555 5425 5600 2380 27475 3535 16135 1225 8680 17010 8400 17570 13300 30170 29925 30765 7525 5110 32410 210 27020 28035 6300 12740 31745 24465 12495 7455 33145 25795 17465 33985 31185 350 1330 980 16170 29750 2170 24815 11725 10535 19670 2310 5670 14560 33075 25480 31955 30450 2975 23975 770
223944 181536 232872 223200 21576 83328 118544 7688 152272 217992 85560 99696 49848 181040 8928 243040 105400 31496 216752 98208 69192 233616 97712 222704 197408 167152 211792 223696 221712 154504 496 36704 87792 72416 11656 196416 155496 129952 204104 146816 187240 41416 246512 76136 61752 7192 70928 166904 38440 39680 16864 194680 25048 114328 8680 61504 120528 59520 124496 94240 213776 212040 217992 53320 36208 229648 1488 191456 198648 44640 90272 224936 173352 88536 52824 234856 182776 123752 240808 220968 2480 9424 6944 114576 210800 15376 175832 83080 74648 139376 16368 40176 103168 234360 180544 226424 215760 21080 169880 5456
438858 355752 456354 437400 42282 163296 232308 15066 298404 427194 167670 195372 97686 354780 17496 476280 206550 61722 424764 192456 135594 457812 191484 436428 386856 327564 415044 438372 434484 302778 972 71928 172044 141912 22842 384912 304722 254664 399978 287712 366930 81162 483084 149202 121014 14094 138996 327078 75330 77760 33048 381510 49086 224046 17010 120528 236196 116640 243972 184680 418932 415530 427194 104490 70956 450036 2916 375192 389286 87480 176904 440802 339714 173502 103518 460242 358182 242514 471906 433026 4860 18468 13608 224532 413100 30132 344574 162810 146286 273132 32076 78732 202176 459270 353808 443718 422820 41310 332910 10692
216720 175680 225360 216000 20880 80640 114720 7440 147360 210960 82800 96480 48240 175200 8640 235200 102000 30480 209760 95040 66960 226080 94560 215520 191040 161760 204960 216480 214560 149520 480 35520 84960 70080 11280 190080 150480 125760 197520 142080 181200 40080 238560 73680 59760 6960 68640 161520 37200 38400 16320 188400 24240 110640 8400 59520 116640 57600 120480 91200 206880 205200 210960 51600 35040 222240 1440 185280 192240 43200 87360 217680 167760 85680 51120 227280 176880 119760 233040 213840 2400 9120 6720 110880 204000 14880 170160 80400 72240 134880 15840 38880 99840 226800 174720 219120 208800 20400 164400 5280
453306 367464 471378 451800 43674 168672 239956 15562 308228 441258 173190 201804 100902 366460 18072 491960 213350 63754 438748 198792 140058 472884 197788 450796 399592 338348 428708 452804 448788 312746 1004 74296 177708 146584 23594 397584 314754 263048 413146 297184 379010 83834 498988 154114 124998 14558 143572 337846 77810 80320 34136 394070 50702 231422 17570 124496 243972 120480 252004 190760 432724 429210 441258 107930 73292 464852 3012 387544 402102 90360 182728 455314 350898 179214 106926 475394 369974 250498 487442 447282 5020 19076 14056 231924 426700 31124 355918 168170 151102 282124 33132 81324 208832 474390 365456 458326 436740 42670 343870 11044
343140 278160 356820 342000 33060 127680 181640 11780 233320 334020 131100 152760 76380 277400 13680 372400 161500 48260 332120 150480 106020 357960 149720 341240 302480 256120 324520 342760 339720 236740 760 56240 134520 110960 17860 300960 238260 199120 312740 224960 286900 63460 377720 116660 94620 11020 108680 255740 58900 60800 25840 298300 38380 175180 13300 94240 184680 91200 190760 144400 327560 324900 334020 81700 55480 351880 2280 293360 304380 68400 138320 344660 265620 135660 80940 359860 280060 189620 368980 338580 3800 14440 10640 175560 323000 23560 269420 127300 114380 213560 25080 61560 158080 359100 276640 346940 330600 32300 260300 8360
778386 630984 809418 775800 74994 289632 412036 26722 529268 757698 297390 346524 173262 629260 31032 844760 366350 109474 753388 341352 240498 812004 339628 774076 686152 580988 736148 777524 770628 537026 1724 127576 305148 251704 40514 682704 540474 451688 709426 510304 650810 143954 856828 264634 214638 24998 246532 580126 133610 137920 58616 676670 87062 397382 30170 213776 418932 206880 432724 327560 743044 737010 757698 185330 125852 798212 5172 665464 690462 155160 313768 781834 602538 307734 183606 816314 635294 430138 837002 768042 8620 32756 24136 398244 732700 53444 611158 288770 259462 484444 56892 139644 358592 814590 627536 787006 749940 73270 590470 18964
