95
961 3069 2759 2108 1984 2790 31 1922 2077 1426 1302 186 713 713 341 1798 155 1519 465 837 1271 1116 2573 1271 713 2604 248 403 1085 2945 217 527 2883 1457 2604 279 1147 1116 2170 1705 2511 1953 403 93 1147 713 403 1271 2232 2449 620 1984 465 1674 1736 1147 2790 1984 31 2356 1798 1829 2883 62 1767 868 310 1395 1984 992 3100 1364 2914 372 3069 961 2666 1953 713 279 1271 2914 775 217 1488 2480 2945 1147 2945 1457 372 1612 1767 1736 186
3069 9801 8811 6732 6336 8910 99 6138 6633 4554 4158 594 2277 2277 1089 5742 495 4851 1485 2673 4059 3564 8217 4059 2277 8316 792 1287 3465 9405 693 1683 9207 4653 8316 891 3663 3564 6930 5445 8019 6237 1287 297 3663 2277 1287 4059 7128 7821 1980 6336 1485 5346 5544 3663 8910 6336 99 7524 5742 5841 9207 198 5643 2772 990 4455 6336 3168 9900 4356 9306 1188 9801 3069 8514 6237 2277 891 4059 9306 2475 693 4752 7920 9405 3663 9405 4653 1188 5148 5643 5544 594
2759 8811 7921 6052 5696 8010 89 5518 5963 4094 3738 534 2047 2047 979 5162 445 4361 1335 2403 3649 3204 7387 3649 2047 7476 712 1157 3115 8455 623 1513 8277 4183 7476 801 3293 3204 6230 4895 7209 5607 1157 267 3293 2047 1157 3649 6408 7031 1780 5696 1335 4806 4984 3293 8010 5696 89 6764 5162 5251 8277 178 5073 2492 890 4005 5696 2848 8900 3916 8366 1068 8811 2759 7654 5607 2047 801 3649 8366 2225 623 4272 7120 8455 3293 8455 4183 1068 4628 5073 4984 534
2108 6732 6052 4624 4352 6120 68 4216 4556 3128 2856 408 1564 1564 748 3944 340 3332 1020 1836 2788 2448 5644 2788 1564 5712 544 884 2380 6460 476 1156 6324 3196 5712 612 2516 2448 4760 3740 5508 4284 884 204 2516 1564 884 2788 4896 5372 1360 4352 1020 3672 3808 2516 6120 4352 68 5168 3944 4012 6324 136 3876 1904 680 3060 4352 2176 6800 2992 6392 816 6732 2108 5848 4284 1564 612 2788 6392 1700 476 3264 5440 6460 2516 6460 3196 816 3536 3876 3808 408
1984 6336 5696 4352 4096 5760 64 3968 4288 2944 2688 384 1472 1472 704 3712 320 3136 960 1728 2624 2304 5312 2624 1472 5376 512 832 2240 6080 448 1088 5952 3008 5376 576 2368 2304 4480 3520 5184 4032 832 192 2368 1472 832 2624 4608 5056 1280 4096 960 3456 3584 2368 5760 4096 64 4864 3712 3776 5952 128 3648 1792 640 2880 4096 2048 6400 2816 6016 768 6336 1984 5504 4032 1472 576 2624 6016 1600 448 3072 5120 6080 2368 6080 3008 768 3328 3648 3584 384
2790 8910 8010 6120 5760 8100 90 5580 6030 4140 3780 540 2070 2070 990 5220 450 4410 1350 2430 3690 3240 7470 3690 2070 7560 720 1170 3150 8550 630 1530 8370 4230 7560 810 3330 3240 6300 4950 7290 5670 1170 270 3330 2070 1170 3690 6480 7110 1800 5760 1350 4860 5040 3330 8100 5760 90 6840 5220 5310 8370 180 5130 2520 900 4050 5760 2880 9000 3960 8460 1080 8910 2790 7740 5670 2070 810 3690 8460 2250 630 4320 7200 8550 3330 8550 4230 1080 4680 5130 5040 540
31 99 89 68 64 90 1 62 67 46 42 6 23 23 11 58 5 49 15 27 41 36 83 41 23 84 8 13 35 95 7 17 93 47 84 9 37 36 70 55 81 63 13 3 37 23 13 41 72 79 20 64 15 54 56 37 90 64 1 76 58 59 93 2 57 28 10 45 64 32 100 44 94 12 99 31 86 63 23 9 41 94 25 7 48 80 95 37 95 47 12 52 57 56 6
1922 6138 5518 4216 3968 5580 62 3844 4154 2852 2604 372 1426 1426 682 3596 310 3038 930 1674 2542 2232 5146 2542 1426 5208 496 806 2170 5890 434 1054 5766 2914 5208 558 2294 2232 4340 3410 5022 3906 806 186 2294 1426 806 2542 4464 4898 1240 3968 930 3348 3472 2294 5580 3968 62 4712 3596 3658 5766 124 3534 1736 620 2790 3968 1984 6200 2728 5828 744 6138 1922 5332 3906 1426 558 2542 5828 1550 434 2976 4960 5890 2294 5890 2914 744 3224 3534 3472 372
2077 6633 5963 4556 4288 6030 67 4154 4489 3082 2814 402 1541 1541 737 3886 335 3283 1005 1809 2747 2412 5561 2747 1541 5628 536 871 2345 6365 469 1139 6231 3149 5628 603 2479 2412 4690 3685 5427 4221 871 201 2479 1541 871 2747 4824 5293 1340 4288 1005 3618 3752 2479 6030 4288 67 5092 3886 3953 6231 134 3819 1876 670 3015 4288 2144 6700 2948 6298 804 6633 2077 5762 4221 1541 603 2747 6298 1675 469 3216 5360 6365 2479 6365 3149 804 3484 3819 3752 402
1426 4554 4094 3128 2944 4140 46 2852 3082 2116 1932 276 1058 1058 506 2668 230 2254 690 1242 1886 1656 3818 1886 1058 3864 368 598 1610 4370 322 782 4278 2162 3864 414 1702 1656 3220 2530 3726 2898 598 138 1702 1058 598 1886 3312 3634 920 2944 690 2484 2576 1702 4140 2944 46 3496 2668 2714 4278 92 2622 1288 460 2070 2944 1472 4600 2024 4324 552 4554 1426 3956 2898 1058 414 1886 4324 1150 322 2208 3680 4370 1702 4370 2162 552 2392 2622 2576 276
1302 4158 3738 2856 2688 3780 42 2604 2814 1932 1764 252 966 966 462 2436 210 2058 630 1134 1722 1512 3486 1722 966 3528 336 546 1470 3990 294 714 3906 1974 3528 378 1554 1512 2940 2310 3402 2646 546 126 1554 966 546 1722 3024 3318 840 2688 630 2268 2352 1554 3780 2688 42 3192 2436 2478 3906 84 2394 1176 420 1890 2688 1344 4200 1848 3948 504 4158 1302 3612 2646 966 378 1722 3948 1050 294 2016 3360 3990 1554 3990 1974 504 2184 2394 2352 252
186 594 534 408 384 540 6 372 402 276 252 36 138 138 66 348 30 294 90 162 246 216 498 246 138 504 48 78 210 570 42 102 558 282 504 54 222 216 420 330 486 378 78 18 222 138 78 246 432 474 120 384 90 324 336 222 540 384 6 456 348 354 558 12 342 168 60 270 384 192 600 264 564 72 594 186 516 378 138 54 246 564 150 42 288 480 570 222 570 282 72 312 342 336 36
713 2277 2047 1564 1472 2070 23 1426 1541 1058 966 138 529 529 253 1334 115 1127 345 621 943 828 1909 943 529 1932 184 299 805 2185 161 391 2139 1081 1932 207 851 828 1610 1265 1863 1449 299 69 851 529 299 943 1656 1817 460 1472 345 1242 1288 851 2070 1472 23 1748 1334 1357 2139 46 1311 644 230 1035 1472 736 2300 1012 2162 276 2277 713 1978 1449 529 207 943 2162 575 161 1104 1840 2185 851 2185 1081 276 1196 1311 1288 138
713 2277 2047 1564 1472 2070 23 1426 1541 1058 966 138 529 529 253 1334 115 1127 345 621 943 828 1909 943 529 1932 184 299 805 2185 161 391 2139 1081 1932 207 851 828 1610 1265 1863 1449 299 69 851 529 299 943 1656 1817 460 1472 345 1242 1288 851 2070 1472 23 1748 1334 1357 2139 46 1311 644 230 1035 1472 736 2300 1012 2162 276 2277 713 1978 1449 529 207 943 2162 575 161 1104 1840 2185 851 2185 1081 276 1196 1311 1288 138
341 1089 979 748 704 990 11 682 737 506 462 66 253 253 121 638 55 539 165 297 451 396 913 451 253 924 88 143 385 1045 77 187 1023 517 924 99 407 396 770 605 891 693 143 33 407 253 143 451 792 869 220 704 165 594 616 407 990 704 11 836 638 649 1023 22 627 308 110 495 704 352 1100 484 1034 132 1089 341 946 693 253 99 451 1034 275 77 528 880 1045 407 1045 517 132 572 627 616 66
1798 5742 5162 3944 3712 5220 58 3596 3886 2668 2436 348 1334 1334 638 3364 290 2842 870 1566 2378 2088 4814 2378 1334 4872 464 754 2030 5510 406 986 5394 2726 4872 522 2146 2088 4060 3190 4698 3654 754 174 2146 1334 754 2378 4176 4582 1160 3712 870 3132 3248 2146 5220 3712 58 4408 3364 3422 5394 116 3306 1624 580 2610 3712 1856 5800 2552 5452 696 5742 1798 4988 3654 1334 522 2378 5452 1450 406 2784 4640 5510 2146 5510 2726 696 3016 3306 3248 348
155 495 445 340 320 450 5 310 335 230 210 30 115 115 55 290 25 245 75 135 205 180 415 205 115 420 40 65 175 475 35 85 465 235 420 45 185 180 350 275 405 315 65 15 185 115 65 205 360 395 100 320 75 270 280 185 450 320 5 380 290 295 465 10 285 140 50 225 320 160 500 220 470 60 495 155 430 315 115 45 205 470 125 35 240 400 475 185 475 235 60 260 285 280 30
1519 4851 4361 3332 3136 4410 49 3038 3283 2254 2058 294 1127 1127 539 2842 245 2401 735 1323 2009 1764 4067 2009 1127 4116 392 637 1715 4655 343 833 4557 2303 4116 441 1813 1764 3430 2695 3969 3087 637 147 1813 1127 637 2009 3528 3871 980 3136 735 2646 2744 1813 4410 3136 49 3724 2842 2891 4557 98 2793 1372 490 2205 3136 1568 4900 2156 4606 588 4851 1519 4214 3087 1127 441 2009 4606 1225 343 2352 3920 4655 1813 4655 2303 588 2548 2793 2744 294
465 1485 1335 1020 960 1350 15 930 1005 690 630 90 345 345 165 870 75 735 225 405 615 540 1245 615 345 1260 120 195 525 1425 105 255 1395 705 1260 135 555 540 1050 825 1215 945 195 45 555 345 195 615 1080 1185 300 960 225 810 840 555 1350 960 15 1140 870 885 1395 30 855 420 150 675 960 480 1500 660 1410 180 1485 465 1290 945 345 135 615 1410 375 105 720 1200 1425 555 1425 705 180 780 855 840 90
837 2673 2403 1836 1728 2430 27 1674 1809 1242 1134 162 621 621 297 1566 135 1323 405 729 1107 972 2241 1107 621 2268 216 351 945 2565 189 459 2511 1269 2268 243 999 972 1890 1485 2187 1701 351 81 999 621 351 1107 1944 2133 540 1728 405 1458 1512 999 2430 1728 27 2052 1566 1593 2511 54 1539 756 270 1215 1728 864 2700 1188 2538 324 2673 837 2322 1701 621 243 1107 2538 675 189 1296 2160 2565 999 2565 1269 324 1404 1539 1512 162
1271 4059 3649 2788 2624 3690 41 2542 2747 1886 1722 246 943 943 451 2378 205 2009 615 1107 1681 1476 3403 1681 943 3444 328 533 1435 3895 287 697 3813 1927 3444 369 1517 1476 2870 2255 3321 2583 533 123 1517 943 533 1681 2952 3239 820 2624 615 2214 2296 1517 3690 2624 41 3116 2378 2419 3813 82 2337 1148 410 1845 2624 1312 4100 1804 3854 492 4059 1271 3526 2583 943 369 1681 3854 1025 287 1968 3280 3895 1517 3895 1927 492 2132 2337 2296 246
1116 3564 3204 2448 2304 3240 36 2232 2412 1656 1512 216 828 828 396 2088 180 1764 540 972 1476 1296 2988 1476 828 3024 288 468 1260 3420 252 612 3348 1692 3024 324 1332 1296 2520 1980 2916 2268 468 108 1332 828 468 1476 2592 2844 720 2304 540 1944 2016 1332 3240 2304 36 2736 2088 2124 3348 72 2052 1008 360 1620 2304 1152 3600 1584 3384 432 3564 1116 3096 2268 828 324 1476 3384 900 252 1728 2880 3420 1332 3420 1692 432 1872 2052 2016 216
2573 8217 7387 5644 5312 7470 83 5146 5561 3818 3486 498 1909 1909 913 4814 415 4067 1245 2241 3403 2988 6889 3403 1909 6972 664 1079 2905 7885 581 1411 7719 3901 6972 747 3071 2988 5810 4565 6723 5229 1079 249 3071 1909 1079 3403 5976 6557 1660 5312 1245 4482 4648 3071 7470 5312 83 6308 4814 4897 7719 166 4731 2324 830 3735 5312 2656 8300 3652 7802 996 8217 2573 7138 5229 1909 747 3403 7802 2075 581 3984 6640 7885 3071 7885 3901 996 4316 4731 4648 498
1271 4059 3649 2788 2624 3690 41 2542 2747 1886 1722 246 943 943 451 2378 205 2009 615 1107 1681 1476 3403 1681 943 3444 328 533 1435 3895 287 697 3813 1927 3444 369 1517 1476 2870 2255 3321 2583 533 123 1517 943 533 1681 2952 3239 820 2624 615 2214 2296 1517 3690 2624 41 3116 2378 2419 3813 82 2337 1148 410 1845 2624 1312 4100 1804 3854 492 4059 1271 3526 2583 943 369 1681 3854 1025 287 1968 3280 3895 1517 3895 1927 492 2132 2337 2296 246
713 2277 2047 1564 1472 2070 23 1426 1541 1058 966 138 529 529 253 1334 115 1127 345 621 943 828 1909 943 529 1932 184 299 805 2185 161 391 2139 1081 1932 207 851 828 1610 1265 1863 1449 299 69 851 529 299 943 1656 1817 460 1472 345 1242 1288 851 2070 1472 23 1748 1334 1357 2139 46 1311 644 230 1035 1472 736 2300 1012 2162 276 2277 713 1978 1449 529 207 943 2162 575 161 1104 1840 2185 851 2185 1081 276 1196 1311 1288 138
2604 8316 7476 5712 5376 7560 84 5208 5628 3864 3528 504 1932 1932 924 4872 420 4116 1260 2268 3444 3024 6972 3444 1932 7056 672 1092 2940 7980 588 1428 7812 3948 7056 756 3108 3024 5880 4620 6804 5292 1092 252 3108 1932 1092 3444 6048 6636 1680 5376 1260 4536 4704 3108 7560 5376 84 6384 4872 4956 7812 168 4788 2352 840 3780 5376 2688 8400 3696 7896 1008 8316 2604 7224 5292 1932 756 3444 7896 2100 588 4032 6720 7980 3108 7980 3948 1008 4368 4788 4704 504
248 792 712 544 512 720 8 496 536 368 336 48 184 184 88 464 40 392 120 216 328 288 664 328 184 672 64 104 280 760 56 136 744 376 672 72 296 288 560 440 648 504 104 24 296 184 104 328 576 632 160 512 120 432 448 296 720 512 8 608 464 472 744 16 456 224 80 360 512 256 800 352 752 96 792 248 688 504 184 72 328 752 200 56 384 640 760 296 760 376 96 416 456 448 48
403 1287 1157 884 832 1170 13 806 871 598 546 78 299 299 143 754 65 637 195 351 533 468 1079 533 299 1092 104 169 455 1235 91 221 1209 611 1092 117 481 468 910 715 1053 819 169 39 481 299 169 533 936 1027 260 832 195 702 728 481 1170 832 13 988 754 767 1209 26 741 364 130 585 832 416 1300 572 1222 156 1287 403 1118 819 299 117 533 1222 325 91 624 1040 1235 481 1235 611 156 676 741 728 78
1085 3465 3115 2380 2240 3150 35 2170 2345 1610 1470 210 805 805 385 2030 175 1715 525 945 1435 1260 2905 1435 805 2940 280 455 1225 3325 245 595 3255 1645 2940 315 1295 1260 2450 1925 2835 2205 455 105 1295 805 455 1435 2520 2765 700 2240 525 1890 1960 1295 3150 2240 35 2660 2030 2065 3255 70 1995 980 350 1575 2240 1120 3500 1540 3290 420 3465 1085 3010 2205 805 315 1435 3290 875 245 1680 2800 3325 1295 3325 1645 420 1820 1995 1960 210
2945 9405 8455 6460 6080 8550 95 5890 6365 4370 3990 570 2185 2185 1045 5510 475 4655 1425 2565 3895 3420 7885 3895 2185 7980 760 1235 3325 9025 665 1615 8835 4465 7980 855 3515 3420 6650 5225 7695 5985 1235 285 3515 2185 1235 3895 6840 7505 1900 6080 1425 5130 5320 3515 8550 6080 95 7220 5510 5605 8835 190 5415 2660 950 4275 6080 3040 9500 4180 8930 1140 9405 2945 8170 5985 2185 855 3895 8930 2375 665 4560 7600 9025 3515 9025 4465 1140 4940 5415 5320 570
217 693 623 476 448 630 7 434 469 322 294 42 161 161 77 406 35 343 105 189 287 252 581 287 161 588 56 91 245 665 49 119 651 329 588 63 259 252 490 385 567 441 91 21 259 161 91 287 504 553 140 448 105 378 392 259 630 448 7 532 406 413 651 14 399 196 70 315 448 224 700 308 658 84 693 217 602 441 161 63 287 658 175 49 336 560 665 259 665 329 84 364 399 392 42
527 1683 1513 1156 1088 1530 17 1054 1139 782 714 102 391 391 187 986 85 833 255 459 697 612 1411 697 391 1428 136 221 595 1615 119 289 1581 799 1428 153 629 612 1190 935 1377 1071 221 51 629 391 221 697 1224 1343 340 1088 255 918 952 629 1530 1088 17 1292 986 1003 1581 34 969 476 170 765 1088 544 1700 748 1598 204 1683 527 1462 1071 391 153 697 1598 425 119 816 1360 1615 629 1615 799 204 884 969 952 102
2883 9207 8277 6324 5952 8370 93 5766 6231 4278 3906 558 2139 2139 1023 5394 465 4557 1395 2511 3813 3348 7719 3813 2139 7812 744 1209 3255 8835 651 1581 8649 4371 7812 837 3441 3348 6510 5115 7533 5859 1209 279 3441 2139 1209 3813 6696 7347 1860 5952 1395 5022 5208 3441 8370 5952 93 7068 5394 5487 8649 186 5301 2604 930 4185 5952 2976 9300 4092 8742 1116 9207 2883 7998 5859 2139 837 3813 8742 2325 651 4464 7440 8835 3441 8835 4371 1116 4836 5301 5208 558
1457 4653 4183 3196 3008 4230 47 2914 3149 2162 1974 282 1081 1081 517 2726 235 2303 705 1269 1927 1692 3901 1927 1081 3948 376 611 1645 4465 329 799 4371 2209 3948 423 1739 1692 3290 2585 3807 2961 611 141 1739 1081 611 1927 3384 3713 940 3008 705 2538 2632 1739 4230 3008 47 3572 2726 2773 4371 94 2679 1316 470 2115 3008 1504 4700 2068 4418 564 4653 1457 4042 2961 1081 423 1927 4418 1175 329 2256 3760 4465 1739 4465 2209 564 2444 2679 2632 282
2604 8316 7476 5712 5376 7560 84 5208 5628 3864 3528 504 1932 1932 924 4872 420 4116 1260 2268 3444 3024 6972 3444 1932 7056 672 1092 2940 7980 588 1428 7812 3948 7056 756 3108 3024 5880 4620 6804 5292 1092 252 3108 1932 1092 3444 6048 6636 1680 5376 1260 4536 4704 3108 7560 5376 84 6384 4872 4956 7812 168 4788 2352 840 3780 5376 2688 8400 3696 7896 1008 8316 2604 7224 5292 1932 756 3444 7896 2100 588 4032 6720 7980 3108 7980 3948 1008 4368 4788 4704 504
279 891 801 612 576 810 9 558 603 414 378 54 207 207 99 522 45 441 135 243 369 324 747 369 207 756 72 117 315 855 63 153 837 423 756 81 333 324 630 495 729 567 117 27 333 207 117 369 648 711 180 576 135 486 504 333 810 576 9 684 522 531 837 18 513 252 90 405 576 288 900 396 846 108 891 279 774 567 207 81 369 846 225 63 432 720 855 333 855 423 108 468 513 504 54
1147 3663 3293 2516 2368 3330 37 2294 2479 1702 1554 222 851 851 407 2146 185 1813 555 999 1517 1332 3071 1517 851 3108 296 481 1295 3515 259 629 3441 1739 3108 333 1369 1332 2590 2035 2997 2331 481 111 1369 851 481 1517 2664 2923 740 2368 555 1998 2072 1369 3330 2368 37 2812 2146 2183 3441 74 2109 1036 370 1665 2368 1184 3700 1628 3478 444 3663 1147 3182 2331 851 333 1517 3478 925 259 1776 2960 3515 1369 3515 1739 444 1924 2109 2072 222
1116 3564 3204 2448 2304 3240 36 2232 2412 1656 1512 216 828 828 396 2088 180 1764 540 972 1476 1296 2988 1476 828 3024 288 468 1260 3420 252 612 3348 1692 3024 324 1332 1296 2520 1980 2916 2268 468 108 1332 828 468 1476 2592 2844 720 2304 540 1944 2016 1332 3240 2304 36 2736 2088 2124 3348 72 2052 1008 360 1620 2304 1152 3600 1584 3384 432 3564 1116 3096 2268 828 324 1476 3384 900 252 1728 2880 3420 1332 3420 1692 432 1872 2052 2016 216
2170 6930 6230 4760 4480 6300 70 4340 4690 3220 2940 420 1610 1610 770 4060 350 3430 1050 1890 2870 2520 5810 2870 1610 5880 560 910 2450 6650 490 1190 6510 3290 5880 630 2590 2520 4900 3850 5670 4410 910 210 2590 1610 910 2870 5040 5530 1400 4480 1050 3780 3920 2590 6300 4480 70 5320 4060 4130 6510 140 3990 1960 700 3150 4480 2240 7000 3080 6580 840 6930 2170 6020 4410 1610 630 2870 6580 1750 490 3360 5600 6650 2590 6650 3290 840 3640 3990 3920 420
1705 5445 4895 3740 3520 4950 55 3410 3685 2530 2310 330 1265 1265 605 3190 275 2695 825 1485 2255 1980 4565 2255 1265 4620 440 715 1925 5225 385 935 5115 2585 4620 495 2035 1980 3850 3025 4455 3465 715 165 2035 1265 715 2255 3960 4345 1100 3520 825 2970 3080 2035 4950 3520 55 4180 3190 3245 5115 110 3135 1540 550 2475 3520 1760 5500 2420 5170 660 5445 1705 4730 3465 1265 495 2255 5170 1375 385 2640 4400 5225 2035 5225 2585 660 2860 3135 3080 330
2511 8019 7209 5508 5184 7290 81 5022 5427 3726 3402 486 1863 1863 891 4698 405 3969 1215 2187 3321 2916 6723 3321 1863 6804 648 1053 2835 7695 567 1377 7533 3807 6804 729 2997 2916 5670 4455 6561 5103 1053 243 2997 1863 1053 3321 5832 6399 1620 5184 1215 4374 4536 2997 7290 5184 81 6156 4698 4779 7533 162 4617 2268 810 3645 5184 2592 8100 3564 7614 972 8019 2511 6966 5103 1863 729 3321 7614 2025 567 3888 6480 7695 2997 7695 3807 972 4212 4617 4536 486
1953 6237 5607 4284 4032 5670 63 3906 4221 2898 2646 378 1449 1449 693 3654 315 3087 945 1701 2583 2268 5229 2583 1449 5292 504 819 2205 5985 441 1071 5859 2961 5292 567 2331 2268 4410 3465 5103 3969 819 189 2331 1449 819 2583 4536 4977 1260 4032 945 3402 3528 2331 5670 4032 63 4788 3654 3717 5859 126 3591 1764 630 2835 4032 2016 6300 2772 5922 756 6237 1953 5418 3969 1449 567 2583 5922 1575 441 3024 5040 5985 2331 5985 2961 756 3276 3591 3528 378
403 1287 1157 884 832 1170 13 806 871 598 546 78 299 299 143 754 65 637 195 351 533 468 1079 533 299 1092 104 169 455 1235 91 221 1209 611 1092 117 481 468 910 715 1053 819 169 39 481 299 169 533 936 1027 260 832 195 702 728 481 1170 832 13 988 754 767 1209 26 741 364 130 585 832 416 1300 572 1222 156 1287 403 1118 819 299 117 533 1222 325 91 624 1040 1235 481 1235 611 156 676 741 728 78
93 297 267 204 192 270 3 186 201 138 126 18 69 69 33 174 15 147 45 81 123 108 249 123 69 252 24 39 105 285 21 51 279 141 252 27 111 108 210 165 243 189 39 9 111 69 39 123 216 237 60 192 45 162 168 111 270 192 3 228 174 177 279 6 171 84 30 135 192 96 300 132 282 36 297 93 258 189 69 27 123 282 75 21 144 240 285 111 285 141 36 156 171 168 18
1147 3663 3293 2516 2368 3330 37 2294 2479 1702 1554 222 851 851 407 2146 185 1813 555 999 1517 1332 3071 1517 851 3108 296 481 1295 3515 259 629 3441 1739 3108 333 1369 1332 2590 2035 2997 2331 481 111 1369 851 481 1517 2664 2923 740 2368 555 1998 2072 1369 3330 2368 37 2812 2146 2183 3441 74 2109 1036 370 1665 2368 1184 3700 1628 3478 444 3663 1147 3182 2331 851 333 1517 3478 925 259 1776 2960 3515 1369 3515 1739 444 1924 2109 2072 222
713 2277 2047 1564 1472 2070 23 1426 1541 1058 966 138 529 529 253 1334 115 1127 345 621 943 828 1909 943 529 1932 184 299 805 2185 161 391 2139 1081 1932 207 851 828 1610 1265 1863 1449 299 69 851 529 299 943 1656 1817 460 1472 345 1242 1288 851 2070 1472 23 1748 1334 1357 2139 46 1311 644 230 1035 1472 736 2300 1012 2162 276 2277 713 1978 1449 529 207 943 2162 575 161 1104 1840 2185 851 2185 1081 276 1196 1311 1288 138
403 1287 1157 884 832 1170 13 806 871 598 546 78 299 299 143 754 65 637 195 351 533 468 1079 533 299 1092 104 169 455 1235 91 221 1209 611 1092 117 481 468 910 715 1053 819 169 39 481 299 169 533 936 1027 260 832 195 702 728 481 1170 832 13 988 754 767 1209 26 741 364 130 585 832 416 1300 572 1222 156 1287 403 1118 819 299 117 533 1222 325 91 624 1040 1235 481 1235 611 156 676 741 728 78
1271 4059 3649 2788 2624 3690 41 2542 2747 1886 1722 246 943 943 451 2378 205 2009 615 1107 1681 1476 3403 1681 943 3444 328 533 1435 3895 287 697 3813 1927 3444 369 1517 1476 2870 2255 3321 2583 533 123 1517 943 533 1681 2952 3239 820 2624 615 2214 2296 1517 3690 2624 41 3116 2378 2419 3813 82 2337 1148 410 1845 2624 1312 4100 1804 3854 492 4059 1271 3526 2583 943 369 1681 3854 1025 287 1968 3280 3895 1517 3895 1927 492 2132 2337 2296 246
2232 7128 6408 4896 4608 6480 72 4464 4824 3312 3024 432 1656 1656 792 4176 360 3528 1080 1944 2952 2592 5976 2952 1656 6048 576 936 2520 6840 504 1224 6696 3384 6048 648 2664 2592 5040 3960 5832 4536 936 216 2664 1656 936 2952 5184 5688 1440 4608 1080 3888 4032 2664 6480 4608 72 5472 4176 4248 6696 144 4104 2016 720 3240 4608 2304 7200 3168 6768 864 7128 2232 6192 4536 1656 648 2952 6768 1800 504 3456 5760 6840 2664 6840 3384 864 3744 4104 4032 432
2449 7821 7031 5372 5056 7110 79 4898 5293 3634 3318 474 1817 1817 869 4582 395 3871 1185 2133 3239 2844 6557 3239 1817 6636 632 1027 2765 7505 553 1343 7347 3713 6636 711 2923 2844 5530 4345 6399 4977 1027 237 2923 1817 1027 3239 5688 6241 1580 5056 1185 4266 4424 2923 7110 5056 79 6004 4582 4661 7347 158 4503 2212 790 3555 5056 2528 7900 3476 7426 948 7821 2449 6794 4977 1817 711 3239 7426 1975 553 3792 6320 7505 2923 7505 3713 948 4108 4503 4424 474
620 1980 1780 1360 1280 1800 20 1240 1340 920 840 120 460 460 220 1160 100 980 300 540 820 720 1660 820 460 1680 160 260 700 1900 140 340 1860 940 1680 180 740 720 1400 1100 1620 1260 260 60 740 460 260 820 1440 1580 400 1280 300 1080 1120 740 1800 1280 20 1520 1160 1180 1860 40 1140 560 200 900 1280 640 2000 880 1880 240 1980 620 1720 1260 460 180 820 1880 500 140 960 1600 1900 740 1900 940 240 1040 1140 1120 120
1984 6336 5696 4352 4096 5760 64 3968 4288 2944 2688 384 1472 1472 704 3712 320 3136 960 1728 2624 2304 5312 2624 1472 5376 512 832 2240 6080 448 1088 5952 3008 5376 576 2368 2304 4480 3520 5184 4032 832 192 2368 1472 832 2624 4608 5056 1280 4096 960 3456 3584 2368 5760 4096 64 4864 3712 3776 5952 128 3648 1792 640 2880 4096 2048 6400 2816 6016 768 6336 1984 5504 4032 1472 576 2624 6016 1600 448 3072 5120 6080 2368 6080 3008 768 3328 3648 3584 384
465 1485 1335 1020 960 1350 15 930 1005 690 630 90 345 345 165 870 75 735 225 405 615 540 1245 615 345 1260 120 195 525 1425 105 255 1395 705 1260 135 555 540 1050 825 1215 945 195 45 555 345 195 615 1080 1185 300 960 225 810 840 555 1350 960 15 1140 870 885 1395 30 855 420 150 675 960 480 1500 660 1410 180 1485 465 1290 945 345 135 615 1410 375 105 720 1200 1425 555 1425 705 180 780 855 840 90
1674 5346 4806 3672 3456 4860 54 3348 3618 2484 2268 324 1242 1242 594 3132 270 2646 810 1458 2214 1944 4482 2214 1242 4536 432 702 1890 5130 378 918 5022 2538 4536 486 1998 1944 3780 2970 4374 3402 702 162 1998 1242 702 2214 3888 4266 1080 3456 810 2916 3024 1998 4860 3456 54 4104 3132 3186 5022 108 3078 1512 540 2430 3456 1728 5400 2376 5076 648 5346 1674 4644 3402 1242 486 2214 5076 1350 378 2592 4320 5130 1998 5130 2538 648 2808 3078 3024 324
1736 5544 4984 3808 3584 5040 56 3472 3752 2576 2352 336 1288 1288 616 3248 280 2744 840 1512 2296 2016 4648 2296 1288 4704 448 728 1960 5320 392 952 5208 2632 4704 504 2072 2016 3920 3080 4536 3528 728 168 2072 1288 728 2296 4032 4424 1120 3584 840 3024 3136 2072 5040 3584 56 4256 3248 3304 5208 112 3192 1568 560 2520 3584 1792 5600 2464 5264 672 5544 1736 4816 3528 1288 504 2296 5264 1400 392 2688 4480 5320 2072 5320 2632 672 2912 3192 3136 336
1147 3663 3293 2516 2368 3330 37 2294 2479 1702 1554 222 851 851 407 2146 185 1813 555 999 1517 1332 3071 1517 851 3108 296 481 1295 3515 259 629 3441 1739 3108 333 1369 1332 2590 2035 2997 2331 481 111 1369 851 481 1517 2664 2923 740 2368 555 1998 2072 1369 3330 2368 37 2812 2146 2183 3441 74 2109 1036 370 1665 2368 1184 3700 1628 3478 444 3663 1147 3182 2331 851 333 1517 3478 925 259 1776 2960 3515 1369 3515 1739 444 1924 2109 2072 222
2790 8910 8010 6120 5760 8100 90 5580 6030 4140 3780 540 2070 2070 990 5220 450 4410 1350 2430 3690 3240 7470 3690 2070 7560 720 1170 3150 8550 630 1530 8370 4230 7560 810 3330 3240 6300 4950 7290 5670 1170 270 3330 2070 1170 3690 6480 7110 1800 5760 1350 4860 5040 3330 8100 5760 90 6840 5220 5310 8370 180 5130 2520 900 4050 5760 2880 9000 3960 8460 1080 8910 2790 7740 5670 2070 810 3690 8460 2250 630 4320 7200 8550 3330 8550 4230 1080 4680 5130 5040 540
1984 6336 5696 4352 4096 5760 64 3968 4288 2944 2688 384 1472 1472 704 3712 320 3136 960 1728 2624 2304 5312 2624 1472 5376 512 832 2240 6080 448 1088 5952 3008 5376 576 2368 2304 4480 3520 5184 4032 832 192 2368 1472 832 2624 4608 5056 1280 4096 960 3456 3584 2368 5760 4096 64 4864 3712 3776 5952 128 3648 1792 640 2880 4096 2048 6400 2816 6016 768 6336 1984 5504 4032 1472 576 2624 6016 1600 448 3072 5120 6080 2368 6080 3008 768 3328 3648 3584 384
31 99 89 68 64 90 1 62 67 46 42 6 23 23 11 58 5 49 15 27 41 36 83 41 23 84 8 13 35 95 7 17 93 47 84 9 37 36 70 55 81 63 13 3 37 23 13 41 72 79 20 64 15 54 56 37 90 64 1 76 58 59 93 2 57 28 10 45 64 32 100 44 94 12 99 31 86 63 23 9 41 94 25 7 48 80 95 37 95 47 12 52 57 56 6
2356 7524 6764 5168 4864 6840 76 4712 5092 3496 3192 456 1748 1748 836 4408 380 3724 1140 2052 3116 2736 6308 3116 1748 6384 608 988 2660 7220 532 1292 7068 3572 6384 684 2812 2736 5320 4180 6156 4788 988 228 2812 1748 988 3116 5472 6004 1520 4864 1140 4104 4256 2812 6840 4864 76 5776 4408 4484 7068 152 4332 2128 760 3420 4864 2432 7600 3344 7144 912 7524 2356 6536 4788 1748 684 3116 7144 1900 532 3648 6080 7220 2812 7220 3572 912 3952 4332 4256 456
1798 5742 5162 3944 3712 5220 58 3596 3886 2668 2436 348 1334 1334 638 3364 290 2842 870 1566 2378 2088 4814 2378 1334 4872 464 754 2030 5510 406 986 5394 2726 4872 522 2146 2088 4060 3190 4698 3654 754 174 2146 1334 754 2378 4176 4582 1160 3712 870 3132 3248 2146 5220 3712 58 4408 3364 3422 5394 116 3306 1624 580 2610 3712 1856 5800 2552 5452 696 5742 1798 4988 3654 1334 522 2378 5452 1450 406 2784 4640 5510 2146 5510 2726 696 3016 3306 3248 348
1829 5841 5251 4012 3776 5310 59 3658 3953 2714 2478 354 1357 1357 649 3422 295 2891 885 1593 2419 2124 4897 2419 1357 4956 472 767 2065 5605 413 1003 5487 2773 4956 531 2183 2124 4130 3245 4779 3717 767 177 2183 1357 767 2419 4248 4661 1180 3776 885 3186 3304 2183 5310 3776 59 4484 3422 3481 5487 118 3363 1652 590 2655 3776 1888 5900 2596 5546 708 5841 1829 5074 3717 1357 531 2419 5546 1475 413 2832 4720 5605 2183 5605 2773 708 3068 3363 3304 354
2883 9207 8277 6324 5952 8370 93 5766 6231 4278 3906 558 2139 2139 1023 5394 465 4557 1395 2511 3813 3348 7719 3813 2139 7812 744 1209 3255 8835 651 1581 8649 4371 7812 837 3441 3348 6510 5115 7533 5859 1209 279 3441 2139 1209 3813 6696 7347 1860 5952 1395 5022 5208 3441 8370 5952 93 7068 5394 5487 8649 186 5301 2604 930 4185 5952 2976 9300 4092 8742 1116 9207 2883 7998 5859 2139 837 3813 8742 2325 651 4464 7440 8835 3441 8835 4371 1116 4836 5301 5208 558
62 198 178 136 128 180 2 124 134 92 84 12 46 46 22 116 10 98 30 54 82 72 166 82 46 168 16 26 70 190 14 34 186 94 168 18 74 72 140 110 162 126 26 6 74 46 26 82 144 158 40 128 30 108 112 74 180 128 2 152 116 118 186 4 114 56 20 90 128 64 200 88 188 24 198 62 172 126 46 18 82 188 50 14 96 160 190 74 190 94 24 104 114 112 12
1767 5643 5073 3876 3648 5130 57 3534 3819 2622 2394 342 1311 1311 627 3306 285 2793 855 1539 2337 2052 4731 2337 1311 4788 456 741 1995 5415 399 969 5301 2679 4788 513 2109 2052 3990 3135 4617 3591 741 171 2109 1311 741 2337 4104 4503 1140 3648 855 3078 3192 2109 5130 3648 57 4332 3306 3363 5301 114 3249 1596 570 2565 3648 1824 5700 2508 5358 684 5643 1767 4902 3591 1311 513 2337 5358 1425 399 2736 4560 5415 2109 5415 2679 684 2964 3249 3192 342
868 2772 2492 1904 1792 2520 28 1736 1876 1288 1176 168 644 644 308 1624 140 1372 420 756 1148 1008 2324 1148 644 2352 224 364 980 2660 196 476 2604 1316 2352 252 1036 1008 1960 1540 2268 1764 364 84 1036 644 364 1148 2016 2212 560 1792 420 1512 1568 1036 2520 1792 28 2128 1624 1652 2604 56 1596 784 280 1260 1792 896 2800 1232 2632 336 2772 868 2408 1764 644 252 1148 2632 700 196 1344 2240 2660 1036 2660 1316 336 1456 1596 1568 168
310 990 890 680 640 900 10 620 670 460 420 60 230 230 110 580 50 490 150 270 410 360 830 410 230 840 80 130 350 950 70 170 930 470 840 90 370 360 700 550 810 630 130 30 370 230 130 410 720 790 200 640 150 540 560 370 900 640 10 760 580 590 930 20 570 280 100 450 640 320 1000 440 940 120 990 310 860 630 230 90 410 940 250 70 480 800 950 370 950 470 120 520 570 560 60
1395 4455 4005 3060 2880 4050 45 2790 3015 2070 1890 270 1035 1035 495 2610 225 2205 675 1215 1845 1620 3735 1845 1035 3780 360 585 1575 4275 315 765 4185 2115 3780 405 1665 1620 3150 2475 3645 2835 585 135 1665 1035 585 1845 3240 3555 900 2880 675 2430 2520 1665 4050 2880 45 3420 2610 2655 4185 90 2565 1260 450 2025 2880 1440 4500 1980 4230 540 4455 1395 3870 2835 1035 405 1845 4230 1125 315 2160 3600 4275 1665 4275 2115 540 2340 2565 2520 270
1984 6336 5696 4352 4096 5760 64 3968 4288 2944 2688 384 1472 1472 704 3712 320 3136 960 1728 2624 2304 5312 2624 1472 5376 512 832 2240 6080 448 1088 5952 3008 5376 576 2368 2304 4480 3520 5184 4032 832 192 2368 1472 832 2624 4608 5056 1280 4096 960 3456 3584 2368 5760 4096 64 4864 3712 3776 5952 128 3648 1792 640 2880 4096 2048 6400 2816 6016 768 6336 1984 5504 4032 1472 576 2624 6016 1600 448 3072 5120 6080 2368 6080 3008 768 3328 3648 3584 384
992 3168 2848 2176 2048 2880 32 1984 2144 1472 1344 192 736 736 352 1856 160 1568 480 864 1312 1152 2656 1312 736 2688 256 416 1120 3040 224 544 2976 1504 2688 288 1184 1152 2240 1760 2592 2016 416 96 1184 736 416 1312 2304 2528 640 2048 480 1728 1792 1184 2880 2048 32 2432 1856 1888 2976 64 1824 896 320 1440 2048 1024 3200 1408 3008 384 3168 992 2752 2016 736 288 1312 3008 800 224 1536 2560 3040 1184 3040 1504 384 1664 1824 1792 192
3100 9900 8900 6800 6400 9000 100 6200 6700 4600 4200 600 2300 2300 1100 5800 500 4900 1500 2700 4100 3600 8300 4100 2300 8400 800 1300 3500 9500 700 1700 9300 4700 8400 900 3700 3600 7000 5500 8100 6300 1300 300 3700 2300 1300 4100 7200 7900 2000 6400 1500 5400 5600 3700 9000 6400 100 7600 5800 5900 9300 200 5700 2800 1000 4500 6400 3200 10000 4400 9400 1200 9900 3100 8600 6300 2300 900 4100 9400 2500 700 4800 8000 9500 3700 9500 4700 1200 5200 5700 5600 600
1364 4356 3916 2992 2816 3960 44 2728 2948 2024 1848 264 1012 1012 484 2552 220 2156 660 1188 1804 1584 3652 1804 1012 3696 352 572 1540 4180 308 748 4092 2068 3696 396 1628 1584 3080 2420 3564 2772 572 132 1628 1012 572 1804 3168 3476 880 2816 660 2376 2464 1628 3960 2816 44 3344 2552 2596 4092 88 2508 1232 440 1980 2816 1408 4400 1936 4136 528 4356 1364 3784 2772 1012 396 1804 4136 1100 308 2112 3520 4180 1628 4180 2068 528 2288 2508 2464 264
2914 9306 8366 6392 6016 8460 94 5828 6298 4324 3948 564 2162 2162 1034 5452 470 4606 1410 2538 3854 3384 7802 3854 2162 7896 752 1222 3290 8930 658 1598 8742 4418 7896 846 3478 3384 6580 5170 7614 5922 1222 282 3478 2162 1222 3854 6768 7426 1880 6016 1410 5076 5264 3478 8460 6016 94 7144 5452 5546 8742 188 5358 2632 940 4230 6016 3008 9400 4136 8836 1128 9306 2914 8084 5922 2162 846 3854 8836 2350 658 4512 7520 8930 3478 8930 4418 1128 4888 5358 5264 564
372 1188 1068 816 768 1080 12 744 804 552 504 72 276 276 132 696 60 588 180 324 492 432 996 492 276 1008 96 156 420 1140 84 204 1116 564 1008 108 444 432 840 660 972 756 156 36 444 276 156 492 864 948 240 768 180 648 672 444 1080 768 12 912 696 708 1116 24 684 336 120 540 768 384 1200 528 1128 144 1188 372 1032 756 276 108 492 1128 300 84 576 960 1140 444 1140 564 144 624 684 672 72
3069 9801 8811 6732 6336 8910 99 6138 6633 4554 4158 594 2277 2277 1089 5742 495 4851 1485 2673 4059 3564 8217 4059 2277 8316 792 1287 3465 9405 693 1683 9207 4653 8316 891 3663 3564 6930 5445 8019 6237 1287 297 3663 2277 1287 4059 7128 7821 1980 6336 1485 5346 5544 3663 8910 6336 99 7524 5742 5841 9207 198 5643 2772 990 4455 6336 3168 9900 4356 9306 1188 9801 3069 8514 6237 2277 891 4059 9306 2475 693 4752 7920 9405 3663 9405 4653 1188 5148 5643 5544 594
961 3069 2759 2108 1984 2790 31 1922 2077 1426 1302 186 713 713 341 1798 155 1519 465 837 1271 1116 2573 1271 713 2604 248 403 1085 2945 217 527 2883 1457 2604 279 1147 1116 2170 1705 2511 1953 403 93 1147 713 403 1271 2232 2449 620 1984 465 1674 1736 1147 2790 1984 31 2356 1798 1829 2883 62 1767 868 310 1395 1984 992 3100 1364 2914 372 3069 961 2666 1953 713 279 1271 2914 775 217 1488 2480 2945 1147 2945 1457 372 1612 1767 1736 186
2666 8514 7654 5848 5504 7740 86 5332 5762 3956 3612 516 1978 1978 946 4988 430 4214 1290 2322 3526 3096 7138 3526 1978 7224 688 1118 3010 8170 602 1462 7998 4042 7224 774 3182 3096 6020 4730 6966 5418 1118 258 3182 1978 1118 3526 6192 6794 1720 5504 1290 4644 4816 3182 7740 5504 86 6536 4988 5074 7998 172 4902 2408 860 3870 5504 2752 8600 3784 8084 1032 8514 2666 7396 5418 1978 774 3526 8084 2150 602 4128 6880 8170 3182 8170 4042 1032 4472 4902 4816 516
1953 6237 5607 4284 4032 5670 63 3906 4221 2898 2646 378 1449 1449 693 3654 315 3087 945 1701 2583 2268 5229 2583 1449 5292 504 819 2205 5985 441 1071 5859 2961 5292 567 2331 2268 4410 3465 5103 3969 819 189 2331 1449 819 2583 4536 4977 1260 4032 945 3402 3528 2331 5670 4032 63 4788 3654 3717 5859 126 3591 1764 630 2835 4032 2016 6300 2772 5922 756 6237 1953 5418 3969 1449 567 2583 5922 1575 441 3024 5040 5985 2331 5985 2961 756 3276 3591 3528 378
713 2277 2047 1564 1472 2070 23 1426 1541 1058 966 138 529 529 253 1334 115 1127 345 621 943 828 1909 943 529 1932 184 299 805 2185 161 391 2139 1081 1932 207 851 828 1610 1265 1863 1449 299 69 851 529 299 943 1656 1817 460 1472 345 1242 1288 851 2070 1472 23 1748 1334 1357 2139 46 1311 644 230 1035 1472 736 2300 1012 2162 276 2277 713 1978 1449 529 207 943 2162 575 161 1104 1840 2185 851 2185 1081 276 1196 1311 1288 138
279 891 801 612 576 810 9 558 603 414 378 54 207 207 99 522 45 441 135 243 369 324 747 369 207 756 72 117 315 855 63 153 837 423 756 81 333 324 630 495 729 567 117 27 333 207 117 369 648 711 180 576 135 486 504 333 810 576 9 684 522 531 837 18 513 252 90 405 576 288 900 396 846 108 891 279 774 567 207 81 369 846 225 63 432 720 855 333 855 423 108 468 513 504 54
1271 4059 3649 2788 2624 3690 41 2542 2747 1886 1722 246 943 943 451 2378 205 2009 615 1107 1681 1476 3403 1681 943 3444 328 533 1435 3895 287 697 3813 1927 3444 369 1517 1476 2870 2255 3321 2583 533 123 1517 943 533 1681 2952 3239 820 2624 615 2214 2296 1517 3690 2624 41 3116 2378 2419 3813 82 2337 1148 410 1845 2624 1312 4100 1804 3854 492 4059 1271 3526 2583 943 369 1681 3854 1025 287 1968 3280 3895 1517 3895 1927 492 2132 2337 2296 246
2914 9306 8366 6392 6016 8460 94 5828 6298 4324 3948 564 2162 2162 1034 5452 470 4606 1410 2538 3854 3384 7802 3854 2162 7896 752 1222 3290 8930 658 1598 8742 4418 7896 846 3478 3384 6580 5170 7614 5922 1222 282 3478 2162 1222 3854 6768 7426 1880 6016 1410 5076 5264 3478 8460 6016 94 7144 5452 5546 8742 188 5358 2632 940 4230 6016 3008 9400 4136 8836 1128 9306 2914 8084 5922 2162 846 3854 8836 2350 658 4512 7520 8930 3478 8930 4418 1128 4888 5358 5264 564
775 2475 2225 1700 1600 2250 25 1550 1675 1150 1050 150 575 575 275 1450 125 1225 375 675 1025 900 2075 1025 575 2100 200 325 875 2375 175 425 2325 1175 2100 225 925 900 1750 1375 2025 1575 325 75 925 575 325 1025 1800 1975 500 1600 375 1350 1400 925 2250 1600 25 1900 1450 1475 2325 50 1425 700 250 1125 1600 800 2500 1100 2350 300 2475 775 2150 1575 575 225 1025 2350 625 175 1200 2000 2375 925 2375 1175 300 1300 1425 1400 150
217 693 623 476 448 630 7 434 469 322 294 42 161 161 77 406 35 343 105 189 287 252 581 287 161 588 56 91 245 665 49 119 651 329 588 63 259 252 490 385 567 441 91 21 259 161 91 287 504 553 140 448 105 378 392 259 630 448 7 532 406 413 651 14 399 196 70 315 448 224 700 308 658 84 693 217 602 441 161 63 287 658 175 49 336 560 665 259 665 329 84 364 399 392 42
1488 4752 4272 3264 3072 4320 48 2976 3216 2208 2016 288 1104 1104 528 2784 240 2352 720 1296 1968 1728 3984 1968 1104 4032 384 624 1680 4560 336 816 4464 2256 4032 432 1776 1728 3360 2640 3888 3024 624 144 1776 1104 624 1968 3456 3792 960 3072 720 2592 2688 1776 4320 3072 48 3648 2784 2832 4464 96 2736 1344 480 2160 3072 1536 4800 2112 4512 576 4752 1488 4128 3024 1104 432 1968 4512 1200 336 2304 3840 4560 1776 4560 2256 576 2496 2736 2688 288
2480 7920 7120 5440 5120 7200 80 4960 5360 3680 3360 480 1840 1840 880 4640 400 3920 1200 2160 3280 2880 6640 3280 1840 6720 640 1040 2800 7600 560 1360 7440 3760 6720 720 2960 2880 5600 4400 6480 5040 1040 240 2960 1840 1040 3280 5760 6320 1600 5120 1200 4320 4480 2960 7200 5120 80 6080 4640 4720 7440 160 4560 2240 800 3600 5120 2560 8000 3520 7520 960 7920 2480 6880 5040 1840 720 3280 7520 2000 560 3840 6400 7600 2960 7600 3760 960 4160 4560 4480 480
2945 9405 8455 6460 6080 8550 95 5890 6365 4370 3990 570 2185 2185 1045 5510 475 4655 1425 2565 3895 3420 7885 3895 2185 7980 760 1235 3325 9025 665 1615 8835 4465 7980 855 3515 3420 6650 5225 7695 5985 1235 285 3515 2185 1235 3895 6840 7505 1900 6080 1425 5130 5320 3515 8550 6080 95 7220 5510 5605 8835 190 5415 2660 950 4275 6080 3040 9500 4180 8930 1140 9405 2945 8170 5985 2185 855 3895 8930 2375 665 4560 7600 9025 3515 9025 4465 1140 4940 5415 5320 570
1147 3663 3293 2516 2368 3330 37 2294 2479 1702 1554 222 851 851 407 2146 185 1813 555 999 1517 1332 3071 1517 851 3108 296 481 1295 3515 259 629 3441 1739 3108 333 1369 1332 2590 2035 2997 2331 481 111 1369 851 481 1517 2664 2923 740 2368 555 1998 2072 1369 3330 2368 37 2812 2146 2183 3441 74 2109 1036 370 1665 2368 1184 3700 1628 3478 444 3663 1147 3182 2331 851 333 1517 3478 925 259 1776 2960 3515 1369 3515 1739 444 1924 2109 2072 222
2945 9405 8455 6460 6080 8550 95 5890 6365 4370 3990 570 2185 2185 1045 5510 475 4655 1425 2565 3895 3420 7885 3895 2185 7980 760 1235 3325 9025 665 1615 8835 4465 7980 855 3515 3420 6650 5225 7695 5985 1235 285 3515 2185 1235 3895 6840 7505 1900 6080 1425 5130 5320 3515 8550 6080 95 7220 5510 5605 8835 190 5415 2660 950 4275 6080 3040 9500 4180 8930 1140 9405 2945 8170 5985 2185 855 3895 8930 2375 665 4560 7600 9025 3515 9025 4465 1140 4940 5415 5320 570
1457 4653 4183 3196 3008 4230 47 2914 3149 2162 1974 282 1081 1081 517 2726 235 2303 705 1269 1927 1692 3901 1927 1081 3948 376 611 1645 4465 329 799 4371 2209 3948 423 1739 1692 3290 2585 3807 2961 611 141 1739 1081 611 1927 3384 3713 940 3008 705 2538 2632 1739 4230 3008 47 3572 2726 2773 4371 94 2679 1316 470 2115 3008 1504 4700 2068 4418 564 4653 1457 4042 2961 1081 423 1927 4418 1175 329 2256 3760 4465 1739 4465 2209 564 2444 2679 2632 282
372 1188 1068 816 768 1080 12 744 804 552 504 72 276 276 132 696 60 588 180 324 492 432 996 492 276 1008 96 156 420 1140 84 204 1116 564 1008 108 444 432 840 660 972 756 156 36 444 276 156 492 864 948 240 768 180 648 672 444 1080 768 12 912 696 708 1116 24 684 336 120 540 768 384 1200 528 1128 144 1188 372 1032 756 276 108 492 1128 300 84 576 960 1140 444 1140 564 144 624 684 672 72
1612 5148 4628 3536 3328 4680 52 3224 3484 2392 2184 312 1196 1196 572 3016 260 2548 780 1404 2132 1872 4316 2132 1196 4368 416 676 1820 4940 364 884 4836 2444 4368 468 1924 1872 3640 2860 4212 3276 676 156 1924 1196 676 2132 3744 4108 1040 3328 780 2808 2912 1924 4680 3328 52 3952 3016 3068 4836 104 2964 1456 520 2340 3328 1664 5200 2288 4888 624 5148 1612 4472 3276 1196 468 2132 4888 1300 364 2496 4160 4940 1924 4940 2444 624 2704 2964 2912 312
1767 5643 5073 3876 3648 5130 57 3534 3819 2622 2394 342 1311 1311 627 3306 285 2793 855 1539 2337 2052 4731 2337 1311 4788 456 741 1995 5415 399 969 5301 2679 4788 513 2109 2052 3990 3135 4617 3591 741 171 2109 1311 741 2337 4104 4503 1140 3648 855 3078 3192 2109 5130 3648 57 4332 3306 3363 5301 114 3249 1596 570 2565 3648 1824 5700 2508 5358 684 5643 1767 4902 3591 1311 513 2337 5358 1425 399 2736 4560 5415 2109 5415 2679 684 2964 3249 3192 342
