89
5329 7081 3723 4307 4818 2920 5183 1679 4453 5037 2409 1314 2263 657 365 2993 5767 6132 657 4234 4818 3431 4599 6570 5913 5621 146 146 657 4599 3066 2482 4307 3212 6716 1752 2628 4526 7154 7008 2263 5986 1022 949 6643 1314 3869 1533 73 949 5694 1387 803 6716 4380 6716 1533 4526 3285 5913 1752 2774 1022 2482 5986 438 657 1241 1387 438 4672 73 6351 5621 949 2117 3358 1314 3577 7227 2190 5767 1241 6789 1606 2044 6132 6862 6497
7081 9409 4947 5723 6402 3880 6887 2231 5917 6693 3201 1746 3007 873 485 3977 7663 8148 873 5626 6402 4559 6111 8730 7857 7469 194 194 873 6111 4074 3298 5723 4268 8924 2328 3492 6014 9506 9312 3007 7954 1358 1261 8827 1746 5141 2037 97 1261 7566 1843 1067 8924 5820 8924 2037 6014 4365 7857 2328 3686 1358 3298 7954 582 873 1649 1843 582 6208 97 8439 7469 1261 2813 4462 1746 4753 9603 2910 7663 1649 9021 2134 2716 8148 9118 8633
3723 4947 2601 3009 3366 2040 3621 1173 3111 3519 1683 918 1581 459 255 2091 4029 4284 459 2958 3366 2397 3213 4590 4131 3927 102 102 459 3213 2142 1734 3009 2244 4692 1224 1836 3162 4998 4896 1581 4182 714 663 4641 918 2703 1071 51 663 3978 969 561 4692 3060 4692 1071 3162 2295 4131 1224 1938 714 1734 4182 306 459 867 969 306 3264 51 4437 3927 663 1479 2346 918 2499 5049 1530 4029 867 4743 1122 1428 4284 4794 4539
4307 5723 3009 3481 3894 2360 4189 1357 3599 4071 1947 1062 1829 531 295 2419 4661 4956 531 3422 3894 2773 3717 5310 4779 4543 118 118 531 3717 2478 2006 3481 2596 5428 1416 2124 3658 5782 5664 1829 4838 826 767 5369 1062 3127 1239 59 767 4602 1121 649 5428 3540 5428 1239 3658 2655 4779 1416 2242 826 2006 4838 354 531 1003 1121 354 3776 59 5133 4543 767 1711 2714 1062 2891 5841 1770 4661 1003 5487 1298 1652 4956 5546 5251
4818 6402 3366 3894 4356 2640 4686 1518 4026 4554 2178 1188 2046 594 330 2706 5214 5544 594 3828 4356 3102 4158 5940 5346 5082 132 132 594 4158 2772 2244 3894 2904 6072 1584 2376 4092 6468 6336 2046 5412 924 858 6006 1188 3498 1386 66 858 5148 1254 726 6072 3960 6072 1386 4092 2970 5346 1584 2508 924 2244 5412 396 594 1122 1254 396 4224 66 5742 5082 858 1914 3036 1188 3234 6534 1980 5214 1122 6138 1452 1848 5544 6204 5874
2920 3880 2040 2360 2640 1600 2840 920 2440 2760 1320 720 1240 360 200 1640 3160 3360 360 2320 2640 1880 2520 3600 3240 3080 80 80 360 2520 1680 1360 2360 1760 3680 960 1440 2480 3920 3840 1240 3280 560 520 3640 720 2120 840 40 520 3120 760 440 3680 2400 3680 840 2480 1800 3240 960 1520 560 1360 3280 240 360 680 760 240 2560 40 3480 3080 520 1160 1840 720 1960 3960 1200 3160 680 3720 880 1120 3360 3760 3560
5183 6887 3621 4189 4686 2840 5041 1633 4331 4899 2343 1278 2201 639 355 2911 5609 5964 639 4118 4686 3337 4473 6390 5751 5467 142 142 639 4473 2982 2414 4189 3124 6532 1704 2556 4402 6958 6816 2201 5822 994 923 6461 1278 3763 1491 71 923 5538 1349 781 6532 4260 6532 1491 4402 3195 5751 1704 2698 994 2414 5822 426 639 1207 1349 426 4544 71 6177 5467 923 2059 3266 1278 3479 7029 2130 5609 1207 6603 1562 1988 5964 6674 6319
1679 2231 1173 1357 1518 920 1633 529 1403 1587 759 414 713 207 115 943 1817 1932 207 1334 1518 1081 1449 2070 1863 1771 46 46 207 1449 966 782 1357 1012 2116 552 828 1426 2254 2208 713 1886 322 299 2093 414 1219 483 23 299 1794 437 253 2116 1380 2116 483 1426 1035 1863 552 874 322 782 1886 138 207 391 437 138 1472 23 2001 1771 299 667 1058 414 1127 2277 690 1817 391 2139 506 644 1932 2162 2047
4453 5917 3111 3599 4026 2440 4331 1403 3721 4209 2013 1098 1891 549 305 2501 4819 5124 549 3538 4026 2867 3843 5490 4941 4697 122 122 549 3843 2562 2074 3599 2684 5612 1464 2196 3782 5978 5856 1891 5002 854 793 5551 1098 3233 1281 61 793 4758 1159 671 5612 3660 5612 1281 3782 2745 4941 1464 2318 854 2074 5002 366 549 1037 1159 366 3904 61 5307 4697 793 1769 2806 1098 2989 6039 1830 4819 1037 5673 1342 1708 5124 5734 5429
5037 6693 3519 4071 4554 2760 4899 1587 4209 4761 2277 1242 2139 621 345 2829 5451 5796 621 4002 4554 3243 4347 6210 5589 5313 138 138 621 4347 2898 2346 4071 3036 6348 1656 2484 4278 6762 6624 2139 5658 966 897 6279 1242 3657 1449 69 897 5382 1311 759 6348 4140 6348 1449 4278 3105 5589 1656 2622 966 2346 5658 414 621 1173 1311 414 4416 69 6003 5313 897 2001 3174 1242 3381 6831 2070 5451 1173 6417 1518 1932 5796 6486 6141
2409 3201 1683 1947 2178 1320 2343 759 2013 2277 1089 594 1023 297 165 1353 2607 2772 297 1914 2178 1551 2079 2970 2673 2541 66 66 297 2079 1386 1122 1947 1452 3036 792 1188 2046 3234 3168 1023 2706 462 429 3003 594 1749 693 33 429 2574 627 363 3036 1980 3036 693 2046 1485 2673 792 1254 462 1122 2706 198 297 561 627 198 2112 33 2871 2541 429 957 1518 594 1617 3267 990 2607 561 3069 726 924 2772 3102 2937
1314 1746 918 1062 1188 720 1278 414 1098 1242 594 324 558 162 90 738 1422 1512 162 1044 1188 846 1134 1620 1458 1386 36 36 162 1134 756 612 1062 792 1656 432 648 1116 1764 1728 558 1476 252 234 1638 324 954 378 18 234 1404 342 198 1656 1080 1656 378 1116 810 1458 432 684 252 612 1476 108 162 306 342 108 1152 18 1566 1386 234 522 828 324 882 1782 540 1422 306 1674 396 504 1512 1692 1602
2263 3007 1581 1829 2046 1240 2201 713 1891 2139 1023 558 961 279 155 1271 2449 2604 279 1798 2046 1457 1953 2790 2511 2387 62 62 279 1953 1302 1054 1829 1364 2852 744 1116 1922 3038 2976 961 2542 434 403 2821 558 1643 651 31 403 2418 589 341 2852 1860 2852 651 1922 1395 2511 744 1178 434 1054 2542 186 279 527 589 186 1984 31 2697 2387 403 899 1426 558 1519 3069 930 2449 527 2883 682 868 2604 2914 2759
657 873 459 531 594 360 639 207 549 621 297 162 279 81 45 369 711 756 81 522 594 423 567 810 729 693 18 18 81 567 378 306 531 396 828 216 324 558 882 864 279 738 126 117 819 162 477 189 9 117 702 171 99 828 540 828 189 558 405 729 216 342 126 306 738 54 81 153 171 54 576 9 783 693 117 261 414 162 441 891 270 711 153 837 198 252 756 846 801
365 485 255 295 330 200 355 115 305 345 165 90 155 45 25 205 395 420 45 290 330 235 315 450 405 385 10 10 45 315 210 170 295 220 460 120 180 310 490 480 155 410 70 65 455 90 265 105 5 65 390 95 55 460 300 460 105 310 225 405 120 190 70 170 410 30 45 85 95 30 320 5 435 385 65 145 230 90 245 495 150 395 85 465 110 140 420 470 445
2993 3977 2091 2419 2706 1640 2911 943 2501 2829 1353 738 1271 369 205 1681 3239 3444 369 2378 2706 1927 2583 3690 3321 3157 82 82 369 2583 1722 1394 2419 1804 3772 984 1476 2542 4018 3936 1271 3362 574 533 3731 738 2173 861 41 533 3198 779 451 3772 2460 3772 861 2542 1845 3321 984 1558 574 1394 3362 246 369 697 779 246 2624 41 3567 3157 533 1189 1886 738 2009 4059 1230 3239 697 3813 902 1148 3444 3854 3649
5767 7663 4029 4661 5214 3160 5609 1817 4819 5451 2607 1422 2449 711 395 3239 6241 6636 711 4582 5214 3713 4977 7110 6399 6083 158 158 711 4977 3318 2686 4661 3476 7268 1896 2844 4898 7742 7584 2449 6478 1106 1027 7189 1422 4187 1659 79 1027 6162 1501 869 7268 4740 7268 1659 4898 3555 6399 1896 3002 1106 2686 6478 474 711 1343 1501 474 5056 79 6873 6083 1027 2291 3634 1422 3871 7821 2370 6241 1343 7347 1738 2212 6636 7426 7031
6132 8148 4284 4956 5544 3360 5964 1932 5124 5796 2772 1512 2604 756 420 3444 6636 7056 756 4872 5544 3948 5292 7560 6804 6468 168 168 756 5292 3528 2856 4956 3696 7728 2016 3024 5208 8232 8064 2604 6888 1176 1092 7644 1512 4452 1764 84 1092 6552 1596 924 7728 5040 7728 1764 5208 3780 6804 2016 3192 1176 2856 6888 504 756 1428 1596 504 5376 84 7308 6468 1092 2436 3864 1512 4116 8316 2520 6636 1428 7812 1848 2352 7056 7896 7476
657 873 459 531 594 360 639 207 549 621 297 162 279 81 45 369 711 756 81 522 594 423 567 810 729 693 18 18 81 567 378 306 531 396 828 216 324 558 882 864 279 738 126 117 819 162 477 189 9 117 702 171 99 828 540 828 189 558 405 729 216 342 126 306 738 54 81 153 171 54 576 9 783 693 117 261 414 162 441 891 270 711 153 837 198 252 756 846 801
4234 5626 2958 3422 3828 2320 4118 1334 3538 4002 1914 1044 1798 522 290 2378 4582 4872 522 3364 3828 2726 3654 5220 4698 4466 116 116 522 3654 2436 1972 3422 2552 5336 1392 2088 3596 5684 5568 1798 4756 812 754 5278 1044 3074 1218 58 754 4524 1102 638 5336 3480 5336 1218 3596 2610 4698 1392 2204 812 1972 4756 348 522 986 1102 348 3712 58 5046 4466 754 1682 2668 1044 2842 5742 1740 4582 986 5394 1276 1624 4872 5452 5162
4818 6402 3366 3894 4356 2640 4686 1518 4026 4554 2178 1188 2046 594 330 2706 5214 5544 594 3828 4356 3102 4158 5940 5346 5082 132 132 594 4158 2772 2244 3894 2904 6072 1584 2376 4092 6468 6336 2046 5412 924 858 6006 1188 3498 1386 66 858 5148 1254 726 6072 3960 6072 1386 4092 2970 5346 1584 2508 924 2244 5412 396 594 1122 1254 396 4224 66 5742 5082 858 1914 3036 1188 3234 6534 1980 5214 1122 6138 1452 1848 5544 6204 5874
3431 4559 2397 2773 3102 1880 3337 1081 2867 3243 1551 846 1457 423 235 1927 3713 3948 423 2726 3102 2209 2961 4230 3807 3619 94 94 423 2961 1974 1598 2773 2068 4324 1128 1692 2914 4606 4512 1457 3854 658 611 4277 846 2491 987 47 611 3666 893 517 4324 2820 4324 987 2914 2115 3807 1128 1786 658 1598 3854 282 423 799 893 282 3008 47 4089 3619 611 1363 2162 846 2303 4653 1410 3713 799 4371 1034 1316 3948 4418 4183
4599 6111 3213 3717 4158 2520 4473 1449 3843 4347 2079 1134 1953 567 315 2583 4977 5292 567 3654 4158 2961 3969 5670 5103 4851 126 126 567 3969 2646 2142 3717 2772 5796 1512 2268 3906 6174 6048 1953 5166 882 819 5733 1134 3339 1323 63 819 4914 1197 693 5796 3780 5796 1323 3906 2835 5103 1512 2394 882 2142 5166 378 567 1071 1197 378 4032 63 5481 4851 819 1827 2898 1134 3087 6237 1890 4977 1071 5859 1386 1764 5292 5922 5607
6570 8730 4590 5310 5940 3600 6390 2070 5490 6210 2970 1620 2790 810 450 3690 7110 7560 810 5220 5940 4230 5670 8100 7290 6930 180 180 810 5670 3780 3060 5310 3960 8280 2160 3240 5580 8820 8640 2790 7380 1260 1170 8190 1620 4770 1890 90 1170 7020 1710 990 8280 5400 8280 1890 5580 4050 7290 2160 3420 1260 3060 7380 540 810 1530 1710 540 5760 90 7830 6930 1170 2610 4140 1620 4410 8910 2700 7110 1530 8370 1980 2520 7560 8460 8010
5913 7857 4131 4779 5346 3240 5751 1863 4941 5589 2673 1458 2511 729 405 3321 6399 6804 729 4698 5346 3807 5103 7290 6561 6237 162 162 729 5103 3402 2754 4779 3564 7452 1944 2916 5022 7938 7776 2511 6642 1134 1053 7371 1458 4293 1701 81 1053 6318 1539 891 7452 4860 7452 1701 5022 3645 6561 1944 3078 1134 2754 6642 486 729 1377 1539 486 5184 81 7047 6237 1053 2349 3726 1458 3969 8019 2430 6399 1377 7533 1782 2268 6804 7614 7209
5621 7469 3927 4543 5082 3080 5467 1771 4697 5313 2541 1386 2387 693 385 3157 6083 6468 693 4466 5082 3619 4851 6930 6237 5929 154 154 693 4851 3234 2618 4543 3388 7084 1848 2772 4774 7546 7392 2387 6314 1078 1001 7007 1386 4081 1617 77 1001 6006 1463 847 7084 4620 7084 1617 4774 3465 6237 1848 2926 1078 2618 6314 462 693 1309 1463 462 4928 77 6699 5929 1001 2233 3542 1386 3773 7623 2310 6083 1309 7161 1694 2156 6468 7238 6853
146 194 102 118 132 80 142 46 122 138 66 36 62 18 10 82 158 168 18 116 132 94 126 180 162 154 4 4 18 126 84 68 118 88 184 48 72 124 196 192 62 164 28 26 182 36 106 42 2 26 156 38 22 184 120 184 42 124 90 162 48 76 28 68 164 12 18 34 38 12 128 2 174 154 26 58 92 36 98 198 60 158 34 186 44 56 168 188 178
146 194 102 118 132 80 142 46 122 138 66 36 62 18 10 82 158 168 18 116 132 94 126 180 162 154 4 4 18 126 84 68 118 88 184 48 72 124 196 192 62 164 28 26 182 36 106 42 2 26 156 38 22 184 120 184 42 124 90 162 48 76 28 68 164 12 18 34 38 12 128 2 174 154 26 58 92 36 98 198 60 158 34 186 44 56 168 188 178
657 873 459 531 594 360 639 207 549 621 297 162 279 81 45 369 711 756 81 522 594 423 567 810 729 693 18 18 81 567 378 306 531 396 828 216 324 558 882 864 279 738 126 117 819 162 477 189 9 117 702 171 99 828 540 828 189 558 405 729 216 342 126 306 738 54 81 153 171 54 576 9 783 693 117 261 414 162 441 891 270 711 153 837 198 252 756 846 801
4599 6111 3213 3717 4158 2520 4473 1449 3843 4347 2079 1134 1953 567 315 2583 4977 5292 567 3654 4158 2961 3969 5670 5103 4851 126 126 567 3969 2646 2142 3717 2772 5796 1512 2268 3906 6174 6048 1953 5166 882 819 5733 1134 3339 1323 63 819 4914 1197 693 5796 3780 5796 1323 3906 2835 5103 1512 2394 882 2142 5166 378 567 1071 1197 378 4032 63 5481 4851 819 1827 2898 1134 3087 6237 1890 4977 1071 5859 1386 1764 5292 5922 5607
3066 4074 2142 2478 2772 1680 2982 966 2562 2898 1386 756 1302 378 210 1722 3318 3528 378 2436 2772 1974 2646 3780 3402 3234 84 84 378 2646 1764 1428 2478 1848 3864 1008 1512 2604 4116 4032 1302 3444 588 546 3822 756 2226 882 42 546 3276 798 462 3864 2520 3864 882 2604 1890 3402 1008 1596 588 1428 3444 252 378 714 798 252 2688 42 3654 3234 546 1218 1932 756 2058 4158 1260 3318 714 3906 924 1176 3528 3948 3738
2482 3298 1734 2006 2244 1360 2414 782 2074 2346 1122 612 1054 306 170 1394 2686 2856 306 1972 2244 1598 2142 3060 2754 2618 68 68 306 2142 1428 1156 2006 1496 3128 816 1224 2108 3332 3264 1054 2788 476 442 3094 612 1802 714 34 442 2652 646 374 3128 2040 3128 714 2108 1530 2754 816 1292 476 1156 2788 204 306 578 646 204 2176 34 2958 2618 442 986 1564 612 1666 3366 1020 2686 578 3162 748 952 2856 3196 3026
4307 5723 3009 3481 3894 2360 4189 1357 3599 4071 1947 1062 1829 531 295 2419 4661 4956 531 3422 3894 2773 3717 5310 4779 4543 118 118 531 3717 2478 2006 3481 2596 5428 1416 2124 3658 5782 5664 1829 4838 826 767 5369 1062 3127 1239 59 767 4602 1121 649 5428 3540 5428 1239 3658 2655 4779 1416 2242 826 2006 4838 354 531 1003 1121 354 3776 59 5133 4543 767 1711 2714 1062 2891 5841 1770 4661 1003 5487 1298 1652 4956 5546 5251
3212 4268 2244 2596 2904 1760 3124 1012 2684 3036 1452 792 1364 396 220 1804 3476 3696 396 2552 2904 2068 2772 3960 3564 3388 88 88 396 2772 1848 1496 2596 1936 4048 1056 1584 2728 4312 4224 1364 3608 616 572 4004 792 2332 924 44 572 3432 836 484 4048 2640 4048 924 2728 1980 3564 1056 1672 616 1496 3608 264 396 748 836 264 2816 44 3828 3388 572 1276 2024 792 2156 4356 1320 3476 748 4092 968 1232 3696 4136 3916
6716 8924 4692 5428 6072 3680 6532 2116 5612 6348 3036 1656 2852 828 460 3772 7268 7728 828 5336 6072 4324 5796 8280 7452 7084 184 184 828 5796 3864 3128 5428 4048 8464 2208 3312 5704 9016 8832 2852 7544 1288 1196 8372 1656 4876 1932 92 1196 7176 1748 1012 8464 5520 8464 1932 5704 4140 7452 2208 3496 1288 3128 7544 552 828 1564 1748 552 5888 92 8004 7084 1196 2668 4232 1656 4508 9108 2760 7268 1564 8556 2024 2576 7728 8648 8188
1752 2328 1224 1416 1584 960 1704 552 1464 1656 792 432 744 216 120 984 1896 2016 216 1392 1584 1128 1512 2160 1944 1848 48 48 216 1512 1008 816 1416 1056 2208 576 864 1488 2352 2304 744 1968 336 312 2184 432 1272 504 24 312 1872 456 264 2208 1440 2208 504 1488 1080 1944 576 912 336 816 1968 144 216 408 456 144 1536 24 2088 1848 312 696 1104 432 1176 2376 720 1896 408 2232 528 672 2016 2256 2136
2628 3492 1836 2124 2376 1440 2556 828 2196 2484 1188 648 1116 324 180 1476 2844 3024 324 2088 2376 1692 2268 3240 2916 2772 72 72 324 2268 1512 1224 2124 1584 3312 864 1296 2232 3528 3456 1116 2952 504 468 3276 648 1908 756 36 468 2808 684 396 3312 2160 3312 756 2232 1620 2916 864 1368 504 1224 2952 216 324 612 684 216 2304 36 3132 2772 468 1044 1656 648 1764 3564 1080 2844 612 3348 792 1008 3024 3384 3204
4526 6014 3162 3658 4092 2480 4402 1426 3782 4278 2046 1116 1922 558 310 2542 4898 5208 558 3596 4092 2914 3906 5580 5022 4774 124 124 558 3906 2604 2108 3658 2728 5704 1488 2232 3844 6076 5952 1922 5084 868 806 5642 1116 3286 1302 62 806 4836 1178 682 5704 3720 5704 1302 3844 2790 5022 1488 2356 868 2108 5084 372 558 1054 1178 372 3968 62 5394 4774 806 1798 2852 1116 3038 6138 1860 4898 1054 5766 1364 1736 5208 5828 5518
7154 9506 4998 5782 6468 3920 6958 2254 5978 6762 3234 1764 3038 882 490 4018 7742 8232 882 5684 6468 4606 6174 8820 7938 7546 196 196 882 6174 4116 3332 5782 4312 9016 2352 3528 6076 9604 9408 3038 8036 1372 1274 8918 1764 5194 2058 98 1274 7644 1862 1078 9016 5880 9016 2058 6076 4410 7938 2352 3724 1372 3332 8036 588 882 1666 1862 588 6272 98 8526 7546 1274 2842 4508 1764 4802 9702 2940 7742 1666 9114 2156 2744 8232 9212 8722
7008 9312 4896 5664 6336 3840 6816 2208 5856 6624 3168 1728 2976 864 480 3936 7584 8064 864 5568 6336 4512 6048 8640 7776 7392 192 192 864 6048 4032 3264 5664 4224 8832 2304 3456 5952 9408 9216 2976 7872 1344 1248 8736 1728 5088 2016 96 1248 7488 1824 1056 8832 5760 8832 2016 5952 4320 7776 2304 3648 1344 3264 7872 576 864 1632 1824 576 6144 96 8352 7392 1248 2784 4416 1728 4704 9504 2880 7584 1632 8928 2112 2688 8064 9024 8544
2263 3007 1581 1829 2046 1240 2201 713 1891 2139 1023 558 961 279 155 1271 2449 2604 279 1798 2046 1457 1953 2790 2511 2387 62 62 279 1953 1302 1054 1829 1364 2852 744 1116 1922 3038 2976 961 2542 434 403 2821 558 1643 651 31 403 2418 589 341 2852 1860 2852 651 1922 1395 2511 744 1178 434 1054 2542 186 279 527 589 186 1984 31 2697 2387 403 899 1426 558 1519 3069 930 2449 527 2883 682 868 2604 2914 2759
5986 7954 4182 4838 5412 3280 5822 1886 5002 5658 2706 1476 2542 738 410 3362 6478 6888 738 4756 5412 3854 5166 7380 6642 6314 164 164 738 5166 3444 2788 4838 3608 7544 1968 2952 5084 8036 7872 2542 6724 1148 1066 7462 1476 4346 1722 82 1066 6396 1558 902 7544 4920 7544 1722 5084 3690 6642 1968 3116 1148 2788 6724 492 738 1394 1558 492 5248 82 7134 6314 1066 2378 3772 1476 4018 8118 2460 6478 1394 7626 1804 2296 6888 7708 7298
1022 1358 714 826 924 560 994 322 854 966 462 252 434 126 70 574 1106 1176 126 812 924 658 882 1260 1134 1078 28 28 126 882 588 476 826 616 1288 336 504 868 1372 1344 434 1148 196 182 1274 252 742 294 14 182 1092 266 154 1288 840 1288 294 868 630 1134 336 532 196 476 1148 84 126 238 266 84 896 14 1218 1078 182 406 644 252 686 1386 420 1106 238 1302 308 392 1176 1316 1246
949 1261 663 767 858 520 923 299 793 897 429 234 403 117 65 533 1027 1092 117 754 858 611 819 1170 1053 1001 26 26 117 819 546 442 767 572 1196 312 468 806 1274 1248 403 1066 182 169 1183 234 689 273 13 169 1014 247 143 1196 780 1196 273 806 585 1053 312 494 182 442 1066 78 117 221 247 78 832 13 1131 1001 169 377 598 234 637 1287 390 1027 221 1209 286 364 1092 1222 1157
6643 8827 4641 5369 6006 3640 6461 2093 5551 6279 3003 1638 2821 819 455 3731 7189 7644 819 5278 6006 4277 5733 8190 7371 7007 182 182 819 5733 3822 3094 5369 4004 8372 2184 3276 5642 8918 8736 2821 7462 1274 1183 8281 1638 4823 1911 91 1183 7098 1729 1001 8372 5460 8372 1911 5642 4095 7371 2184 3458 1274 3094 7462 546 819 1547 1729 546 5824 91 7917 7007 1183 2639 4186 1638 4459 9009 2730 7189 1547 8463 2002 2548 7644 8554 8099
1314 1746 918 1062 1188 720 1278 414 1098 1242 594 324 558 162 90 738 1422 1512 162 1044 1188 846 1134 1620 1458 1386 36 36 162 1134 756 612 1062 792 1656 432 648 1116 1764 1728 558 1476 252 234 1638 324 954 378 18 234 1404 342 198 1656 1080 1656 378 1116 810 1458 432 684 252 612 1476 108 162 306 342 108 1152 18 1566 1386 234 522 828 324 882 1782 540 1422 306 1674 396 504 1512 1692 1602
3869 5141 2703 3127 3498 2120 3763 1219 3233 3657 1749 954 1643 477 265 2173 4187 4452 477 3074 3498 2491 3339 4770 4293 4081 106 106 477 3339 2226 1802 3127 2332 4876 1272 1908 3286 5194 5088 1643 4346 742 689 4823 954 2809 1113 53 689 4134 1007 583 4876 3180 4876 1113 3286 2385 4293 1272 2014 742 1802 4346 318 477 901 1007 318 3392 53 4611 4081 689 1537 2438 954 2597 5247 1590 4187 901 4929 1166 1484 4452 4982 4717
1533 2037 1071 1239 1386 840 1491 483 1281 1449 693 378 651 189 105 861 1659 1764 189 1218 1386 987 1323 1890 1701 1617 42 42 189 1323 882 714 1239 924 1932 504 756 1302 2058 2016 651 1722 294 273 1911 378 1113 441 21 273 1638 399 231 1932 1260 1932 441 1302 945 1701 504 798 294 714 1722 126 189 357 399 126 1344 21 1827 1617 273 609 966 378 1029 2079 630 1659 357 1953 462 588 1764 1974 1869
73 97 51 59 66 40 71 23 61 69 33 18 31 9 5 41 79 84 9 58 66 47 63 90 81 77 2 2 9 63 42 34 59 44 92 24 36 62 98 96 31 82 14 13 91 18 53 21 1 13 78 19 11 92 60 92 21 62 45 81 24 38 14 34 82 6 9 17 19 6 64 1 87 77 13 29 46 18 49 99 30 79 17 93 22 28 84 94 89
949 1261 663 767 858 520 923 299 793 897 429 234 403 117 65 533 1027 1092 117 754 858 611 819 1170 1053 1001 26 26 117 819 546 442 767 572 1196 312 468 806 1274 1248 403 1066 182 169 1183 234 689 273 13 169 1014 247 143 1196 780 1196 273 806 585 1053 312 494 182 442 1066 78 117 221 247 78 832 13 1131 1001 169 377 598 234 637 1287 390 1027 221 1209 286 364 1092 1222 1157
5694 7566 3978 4602 5148 3120 5538 1794 4758 5382 2574 1404 2418 702 390 3198 6162 6552 702 4524 5148 3666 4914 7020 6318 6006 156 156 702 4914 3276 2652 4602 3432 7176 1872 2808 4836 7644 7488 2418 6396 1092 1014 7098 1404 4134 1638 78 1014 6084 1482 858 7176 4680 7176 1638 4836 3510 6318 1872 2964 1092 2652 6396 468 702 1326 1482 468 4992 78 6786 6006 1014 2262 3588 1404 3822 7722 2340 6162 1326 7254 1716 2184 6552 7332 6942
1387 1843 969 1121 1254 760 1349 437 1159 1311 627 342 589 171 95 779 1501 1596 171 1102 1254 893 1197 1710 1539 1463 38 38 171 1197 798 646 1121 836 1748 456 684 1178 1862 1824 589 1558 266 247 1729 342 1007 399 19 247 1482 361 209 1748 1140 1748 399 1178 855 1539 456 722 266 646 1558 114 171 323 361 114 1216 19 1653 1463 247 551 874 342 931 1881 570 1501 323 1767 418 532 1596 1786 1691
803 1067 561 649 726 440 781 253 671 759 363 198 341 99 55 451 869 924 99 638 726 517 693 990 891 847 22 22 99 693 462 374 649 484 1012 264 396 682 1078 1056 341 902 154 143 1001 198 583 231 11 143 858 209 121 1012 660 1012 231 682 495 891 264 418 154 374 902 66 99 187 209 66 704 11 957 847 143 319 506 198 539 1089 330 869 187 1023 242 308 924 1034 979
6716 8924 4692 5428 6072 3680 6532 2116 5612 6348 3036 1656 2852 828 460 3772 7268 7728 828 5336 6072 4324 5796 8280 7452 7084 184 184 828 5796 3864 3128 5428 4048 8464 2208 3312 5704 9016 8832 2852 7544 1288 1196 8372 1656 4876 1932 92 1196 7176 1748 1012 8464 5520 8464 1932 5704 4140 7452 2208 3496 1288 3128 7544 552 828 1564 1748 552 5888 92 8004 7084 1196 2668 4232 1656 4508 9108 2760 7268 1564 8556 2024 2576 7728 8648 8188
4380 5820 3060 3540 3960 2400 4260 1380 3660 4140 1980 1080 1860 540 300 2460 4740 5040 540 3480 3960 2820 3780 5400 4860 4620 120 120 540 3780 2520 2040 3540 2640 5520 1440 2160 3720 5880 5760 1860 4920 840 780 5460 1080 3180 1260 60 780 4680 1140 660 5520 3600 5520 1260 3720 2700 4860 1440 2280 840 2040 4920 360 540 1020 1140 360 3840 60 5220 4620 780 1740 2760 1080 2940 5940 1800 4740 1020 5580 1320 1680 5040 5640 5340
6716 8924 4692 5428 6072 3680 6532 2116 5612 6348 3036 1656 2852 828 460 3772 7268 7728 828 5336 6072 4324 5796 8280 7452 7084 184 184 828 5796 3864 3128 5428 4048 8464 2208 3312 5704 9016 8832 2852 7544 1288 1196 8372 1656 4876 1932 92 1196 7176 1748 1012 8464 5520 8464 1932 5704 4140 7452 2208 3496 1288 3128 7544 552 828 1564 1748 552 5888 92 8004 7084 1196 2668 4232 1656 4508 9108 2760 7268 1564 8556 2024 2576 7728 8648 8188
1533 2037 1071 1239 1386 840 1491 483 1281 1449 693 378 651 189 105 861 1659 1764 189 1218 1386 987 1323 1890 1701 1617 42 42 189 1323 882 714 1239 924 1932 504 756 1302 2058 2016 651 1722 294 273 1911 378 1113 441 21 273 1638 399 231 1932 1260 1932 441 1302 945 1701 504 798 294 714 1722 126 189 357 399 126 1344 21 1827 1617 273 609 966 378 1029 2079 630 1659 357 1953 462 588 1764 1974 1869
4526 6014 3162 3658 4092 2480 4402 1426 3782 4278 2046 1116 1922 558 310 2542 4898 5208 558 3596 4092 2914 3906 5580 5022 4774 124 124 558 3906 2604 2108 3658 2728 5704 1488 2232 3844 6076 5952 1922 5084 868 806 5642 1116 3286 1302 62 806 4836 1178 682 5704 3720 5704 1302 3844 2790 5022 1488 2356 868 2108 5084 372 558 1054 1178 372 3968 62 5394 4774 806 1798 2852 1116 3038 6138 1860 4898 1054 5766 1364 1736 5208 5828 5518
3285 4365 2295 2655 2970 1800 3195 1035 2745 3105 1485 810 1395 405 225 1845 3555 3780 405 2610 2970 2115 2835 4050 3645 3465 90 90 405 2835 1890 1530 2655 1980 4140 1080 1620 2790 4410 4320 1395 3690 630 585 4095 810 2385 945 45 585 3510 855 495 4140 2700 4140 945 2790 2025 3645 1080 1710 630 1530 3690 270 405 765 855 270 2880 45 3915 3465 585 1305 2070 810 2205 4455 1350 3555 765 4185 990 1260 3780 4230 4005
5913 7857 4131 4779 5346 3240 5751 1863 4941 5589 2673 1458 2511 729 405 3321 6399 6804 729 4698 5346 3807 5103 7290 6561 6237 162 162 729 5103 3402 2754 4779 3564 7452 1944 2916 5022 7938 7776 2511 6642 1134 1053 7371 1458 4293 1701 81 1053 6318 1539 891 7452 4860 7452 1701 5022 3645 6561 1944 3078 1134 2754 6642 486 729 1377 1539 486 5184 81 7047 6237 1053 2349 3726 1458 3969 8019 2430 6399 1377 7533 1782 2268 6804 7614 7209
1752 2328 1224 1416 1584 960 1704 552 1464 1656 792 432 744 216 120 984 1896 2016 216 1392 1584 1128 1512 2160 1944 1848 48 48 216 1512 1008 816 1416 1056 2208 576 864 1488 2352 2304 744 1968 336 312 2184 432 1272 504 24 312 1872 456 264 2208 1440 2208 504 1488 1080 1944 576 912 336 816 1968 144 216 408 456 144 1536 24 2088 1848 312 696 1104 432 1176 2376 720 1896 408 2232 528 672 2016 2256 2136
2774 3686 1938 2242 2508 1520 2698 874 2318 2622 1254 684 1178 342 190 1558 3002 3192 342 2204 2508 1786 2394 3420 3078 2926 76 76 342 2394 1596 1292 2242 1672 3496 912 1368 2356 3724 3648 1178 3116 532 494 3458 684 2014 798 38 494 2964 722 418 3496 2280 3496 798 2356 1710 3078 912 1444 532 1292 3116 228 342 646 722 228 2432 38 3306 2926 494 1102 1748 684 1862 3762 1140 3002 646 3534 836 1064 3192 3572 3382
1022 1358 714 826 924 560 994 322 854 966 462 252 434 126 70 574 1106 1176 126 812 924 658 882 1260 1134 1078 28 28 126 882 588 476 826 616 1288 336 504 868 1372 1344 434 1148 196 182 1274 252 742 294 14 182 1092 266 154 1288 840 1288 294 868 630 1134 336 532 196 476 1148 84 126 238 266 84 896 14 1218 1078 182 406 644 252 686 1386 420 1106 238 1302 308 392 1176 1316 1246
2482 3298 1734 2006 2244 1360 2414 782 2074 2346 1122 612 1054 306 170 1394 2686 2856 306 1972 2244 1598 2142 3060 2754 2618 68 68 306 2142 1428 1156 2006 1496 3128 816 1224 2108 3332 3264 1054 2788 476 442 3094 612 1802 714 34 442 2652 646 374 3128 2040 3128 714 2108 1530 2754 816 1292 476 1156 2788 204 306 578 646 204 2176 34 2958 2618 442 986 1564 612 1666 3366 1020 2686 578 3162 748 952 2856 3196 3026
5986 7954 4182 4838 5412 3280 5822 1886 5002 5658 2706 1476 2542 738 410 3362 6478 6888 738 4756 5412 3854 5166 7380 6642 6314 164 164 738 5166 3444 2788 4838 3608 7544 1968 2952 5084 8036 7872 2542 6724 1148 1066 7462 1476 4346 1722 82 1066 6396 1558 902 7544 4920 7544 1722 5084 3690 6642 1968 3116 1148 2788 6724 492 738 1394 1558 492 5248 82 7134 6314 1066 2378 3772 1476 4018 8118 2460 6478 1394 7626 1804 2296 6888 7708 7298
438 582 306 354 396 240 426 138 366 414 198 108 186 54 30 246 474 504 54 348 396 282 378 540 486 462 12 12 54 378 252 204 354 264 552 144 216 372 588 576 186 492 84 78 546 108 318 126 6 78 468 114 66 552 360 552 126 372 270 486 144 228 84 204 492 36 54 102 114 36 384 6 522 462 78 174 276 108 294 594 180 474 102 558 132 168 504 564 534
657 873 459 531 594 360 639 207 549 621 297 162 279 81 45 369 711 756 81 522 594 423 567 810 729 693 18 18 81 567 378 306 531 396 828 216 324 558 882 864 279 738 126 117 819 162 477 189 9 117 702 171 99 828 540 828 189 558 405 729 216 342 126 306 738 54 81 153 171 54 576 9 783 693 117 261 414 162 441 891 270 711 153 837 198 252 756 846 801
1241 1649 867 1003 1122 680 1207 391 1037 1173 561 306 527 153 85 697 1343 1428 153 986 1122 799 1071 1530 1377 1309 34 34 153 1071 714 578 1003 748 1564 408 612 1054 1666 1632 527 1394 238 221 1547 306 901 357 17 221 1326 323 187 1564 1020 1564 357 1054 765 1377 408 646 238 578 1394 102 153 289 323 102 1088 17 1479 1309 221 493 782 306 833 1683 510 1343 289 1581 374 476 1428 1598 1513
1387 1843 969 1121 1254 760 1349 437 1159 1311 627 342 589 171 95 779 1501 1596 171 1102 1254 893 1197 1710 1539 1463 38 38 171 1197 798 646 1121 836 1748 456 684 1178 1862 1824 589 1558 266 247 1729 342 1007 399 19 247 1482 361 209 1748 1140 1748 399 1178 855 1539 456 722 266 646 1558 114 171 323 361 114 1216 19 1653 1463 247 551 874 342 931 1881 570 1501 323 1767 418 532 1596 1786 1691
438 582 306 354 396 240 426 138 366 414 198 108 186 54 30 246 474 504 54 348 396 282 378 540 486 462 12 12 54 378 252 204 354 264 552 144 216 372 588 576 186 492 84 78 546 108 318 126 6 78 468 114 66 552 360 552 126 372 270 486 144 228 84 204 492 36 54 102 114 36 384 6 522 462 78 174 276 108 294 594 180 474 102 558 132 168 504 564 534
4672 6208 3264 3776 4224 2560 4544 1472 3904 4416 2112 1152 1984 576 320 2624 5056 5376 576 3712 4224 3008 4032 5760 5184 4928 128 128 576 4032 2688 2176 3776 2816 5888 1536 2304 3968 6272 6144 1984 5248 896 832 5824 1152 3392 1344 64 832 4992 1216 704 5888 3840 5888 1344 3968 2880 5184 1536 2432 896 2176 5248 384 576 1088 1216 384 4096 64 5568 4928 832 1856 2944 1152 3136 6336 1920 5056 1088 5952 1408 1792 5376 6016 5696
73 97 51 59 66 40 71 23 61 69 33 18 31 9 5 41 79 84 9 58 66 47 63 90 81 77 2 2 9 63 42 34 59 44 92 24 36 62 98 96 31 82 14 13 91 18 53 21 1 13 78 19 11 92 60 92 21 62 45 81 24 38 14 34 82 6 9 17 19 6 64 1 87 77 13 29 46 18 49 99 30 79 17 93 22 28 84 94 89
6351 8439 4437 5133 5742 3480 6177 2001 5307 6003 2871 1566 2697 783 435 3567 6873 7308 783 5046 5742 4089 5481 7830 7047 6699 174 174 783 5481 3654 2958 5133 3828 8004 2088 3132 5394 8526 8352 2697 7134 1218 1131 7917 1566 4611 1827 87 1131 6786 1653 957 8004 5220 8004 1827 5394 3915 7047 2088 3306 1218 2958 7134 522 783 1479 1653 522 5568 87 7569 6699 1131 2523 4002 1566 4263 8613 2610 6873 1479 8091 1914 2436 7308 8178 7743
5621 7469 3927 4543 5082 3080 5467 1771 4697 5313 2541 1386 2387 693 385 3157 6083 6468 693 4466 5082 3619 4851 6930 6237 5929 154 154 693 4851 3234 2618 4543 3388 7084 1848 2772 4774 7546 7392 2387 6314 1078 1001 7007 1386 4081 1617 77 1001 6006 1463 847 7084 4620 7084 1617 4774 3465 6237 1848 2926 1078 2618 6314 462 693 1309 1463 462 4928 77 6699 5929 1001 2233 3542 1386 3773 7623 2310 6083 1309 7161 1694 2156 6468 7238 6853
949 1261 663 767 858 520 923 299 793 897 429 234 403 117 65 533 1027 1092 117 754 858 611 819 1170 1053 1001 26 26 117 819 546 442 767 572 1196 312 468 806 1274 1248 403 1066 182 169 1183 234 689 273 13 169 1014 247 143 1196 780 1196 273 806 585 1053 312 494 182 442 1066 78 117 221 247 78 832 13 1131 1001 169 377 598 234 637 1287 390 1027 221 1209 286 364 1092 1222 1157
2117 2813 1479 1711 1914 1160 2059 667 1769 2001 957 522 899 261 145 1189 2291 2436 261 1682 1914 1363 1827 2610 2349 2233 58 58 261 1827 1218 986 1711 1276 2668 696 1044 1798 2842 2784 899 2378 406 377 2639 522 1537 609 29 377 2262 551 319 2668 1740 2668 609 1798 1305 2349 696 1102 406 986 2378 174 261 493 551 174 1856 29 2523 2233 377 841 1334 522 1421 2871 870 2291 493 2697 638 812 2436 2726 2581
3358 4462 2346 2714 3036 1840 3266 1058 2806 3174 1518 828 1426 414 230 1886 3634 3864 414 2668 3036 2162 2898 4140 3726 3542 92 92 414 2898 1932 1564 2714 2024 4232 1104 1656 2852 4508 4416 1426 3772 644 598 4186 828 2438 966 46 598 3588 874 506 4232 2760 4232 966 2852 2070 3726 1104 1748 644 1564 3772 276 414 782 874 276 2944 46 4002 3542 598 1334 2116 828 2254 4554 1380 3634 782 4278 1012 1288 3864 4324 4094
1314 1746 918 1062 1188 720 1278 414 1098 1242 594 324 558 162 90 738 1422 1512 162 1044 1188 846 1134 1620 1458 1386 36 36 162 1134 756 612 1062 792 1656 432 648 1116 1764 1728 558 1476 252 234 1638 324 954 378 18 234 1404 342 198 1656 1080 1656 378 1116 810 1458 432 684 252 612 1476 108 162 306 342 108 1152 18 1566 1386 234 522 828 324 882 1782 540 1422 306 1674 396 504 1512 1692 1602
3577 4753 2499 2891 3234 1960 3479 1127 2989 3381 1617 882 1519 441 245 2009 3871 4116 441 2842 3234 2303 3087 4410 3969 3773 98 98 441 3087 2058 1666 2891 2156 4508 1176 1764 3038 4802 4704 1519 4018 686 637 4459 882 2597 1029 49 637 3822 931 539 4508 2940 4508 1029 3038 2205 3969 1176 1862 686 1666 4018 294 441 833 931 294 3136 49 4263 3773 637 1421 2254 882 2401 4851 1470 3871 833 4557 1078 1372 4116 4606 4361
7227 9603 5049 5841 6534 3960 7029 2277 6039 6831 3267 1782 3069 891 495 4059 7821 8316 891 5742 6534 4653 6237 8910 8019 7623 198 198 891 6237 4158 3366 5841 4356 9108 2376 3564 6138 9702 9504 3069 8118 1386 1287 9009 1782 5247 2079 99 1287 7722 1881 1089 9108 5940 9108 2079 6138 4455 8019 2376 3762 1386 3366 8118 594 891 1683 1881 594 6336 99 8613 7623 1287 2871 4554 1782 4851 9801 2970 7821 1683 9207 2178 2772 8316 9306 8811
2190 2910 1530 1770 1980 1200 2130 690 1830 2070 990 540 930 270 150 1230 2370 2520 270 1740 1980 1410 1890 2700 2430 2310 60 60 270 1890 1260 1020 1770 1320 2760 720 1080 1860 2940 2880 930 2460 420 390 2730 540 1590 630 30 390 2340 570 330 2760 1800 2760 630 1860 1350 2430 720 1140 420 1020 2460 180 270 510 570 180 1920 30 2610 2310 390 870 1380 540 1470 2970 900 2370 510 2790 660 840 2520 2820 2670
5767 7663 4029 4661 5214 3160 5609 1817 4819 5451 2607 1422 2449 711 395 3239 6241 6636 711 4582 5214 3713 4977 7110 6399 6083 158 158 711 4977 3318 2686 4661 3476 7268 1896 2844 4898 7742 7584 2449 6478 1106 1027 7189 1422 4187 1659 79 1027 6162 1501 869 7268 4740 7268 1659 4898 3555 6399 1896 3002 1106 2686 6478 474 711 1343 1501 474 5056 79 6873 6083 1027 2291 3634 1422 3871 7821 2370 6241 1343 7347 1738 2212 6636 7426 7031
1241 1649 867 1003 1122 680 1207 391 1037 1173 561 306 527 153 85 697 1343 1428 153 986 1122 799 1071 1530 1377 1309 34 34 153 1071 714 578 1003 748 1564 408 612 1054 1666 1632 527 1394 238 221 1547 306 901 357 17 221 1326 323 187 1564 1020 1564 357 1054 765 1377 408 646 238 578 1394 102 153 289 323 102 1088 17 1479 1309 221 493 782 306 833 1683 510 1343 289 1581 374 476 1428 1598 1513
6789 9021 4743 5487 6138 3720 6603 2139 5673 6417 3069 1674 2883 837 465 3813 7347 7812 837 5394 6138 4371 5859 8370 7533 7161 186 186 837 5859 3906 3162 5487 4092 8556 2232 3348 5766 9114 8928 2883 7626 1302 1209 8463 1674 4929 1953 93 1209 7254 1767 1023 8556 5580 8556 1953 5766 4185 7533 2232 3534 1302 3162 7626 558 837 1581 1767 558 5952 93 8091 7161 1209 2697 4278 1674 4557 9207 2790 7347 1581 8649 2046 2604 7812 8742 8277
1606 2134 1122 1298 1452 880 1562 506 1342 1518 726 396 682 198 110 902 1738 1848 198 1276 1452 1034 1386 1980 1782 1694 44 44 198 1386 924 748 1298 968 2024 528 792 1364 2156 2112 682 1804 308 286 2002 396 1166 462 22 286 1716 418 242 2024 1320 2024 462 1364 990 1782 528 836 308 748 1804 132 198 374 418 132 1408 22 1914 1694 286 638 1012 396 1078 2178 660 1738 374 2046 484 616 1848 2068 1958
2044 2716 1428 1652 1848 1120 1988 644 1708 1932 924 504 868 252 140 1148 2212 2352 252 1624 1848 1316 1764 2520 2268 2156 56 56 252 1764 1176 952 1652 1232 2576 672 1008 1736 2744 2688 868 2296 392 364 2548 504 1484 588 28 364 2184 532 308 2576 1680 2576 588 1736 1260 2268 672 1064 392 952 2296 168 252 476 532 168 1792 28 2436 2156 364 812 1288 504 1372 2772 840 2212 476 2604 616 784 2352 2632 2492
6132 8148 4284 4956 5544 3360 5964 1932 5124 5796 2772 1512 2604 756 420 3444 6636 7056 756 4872 5544 3948 5292 7560 6804 6468 168 168 756 5292 3528 2856 4956 3696 7728 2016 3024 5208 8232 8064 2604 6888 1176 1092 7644 1512 4452 1764 84 1092 6552 1596 924 7728 5040 7728 1764 5208 3780 6804 2016 3192 1176 2856 6888 504 756 1428 1596 504 5376 84 7308 6468 1092 2436 3864 1512 4116 8316 2520 6636 1428 7812 1848 2352 7056 7896 7476
6862 9118 4794 5546 6204 3760 6674 2162 5734 6486 3102 1692 2914 846 470 3854 7426 7896 846 5452 6204 4418 5922 8460 7614 7238 188 188 846 5922 3948 3196 5546 4136 8648 2256 3384 5828 9212 9024 2914 7708 1316 1222 8554 1692 4982 1974 94 1222 7332 1786 1034 8648 5640 8648 1974 5828 4230 7614 2256 3572 1316 3196 7708 564 846 1598 1786 564 6016 94 8178 7238 1222 2726 4324 1692 4606 9306 2820 7426 1598 8742 2068 2632 7896 8836 8366
6497 8633 4539 5251 5874 3560 6319 2047 5429 6141 2937 1602 2759 801 445 3649 7031 7476 801 5162 5874 4183 5607 8010 7209 6853 178 178 801 5607 3738 3026 5251 3916 8188 2136 3204 5518 8722 8544 2759 7298 1246 1157 8099 1602 4717 1869 89 1157 6942 1691 979 8188 5340 8188 1869 5518 4005 7209 2136 3382 1246 3026 7298 534 801 1513 1691 534 5696 89 7743 6853 1157 2581 4094 1602 4361 8811 2670 7031 1513 8277 1958 2492 7476 8366 7921
