88
5929 2156 1463 2387 7161 2233 1540 2156 5313 5467 3773 847 1386 2387 5775 7084 2079 2772 5467 231 5082 3388 6391 7469 6314 5698 231 4081 3696 1540 3080 1848 7623 770 462 3388 6930 1925 5467 4543 7315 5467 5313 4928 4158 7315 4235 6160 6314 5929 6314 3619 1540 1232 3311 77 3157 7469 4081 6776 5313 3388 847 1463 462 1232 4774 7315 7084 6468 385 2926 4235 1925 77 616 1463 4235 3003 4081 2464 1540 3927 231 6776 7238 308 2156
2156 784 532 868 2604 812 560 784 1932 1988 1372 308 504 868 2100 2576 756 1008 1988 84 1848 1232 2324 2716 2296 2072 84 1484 1344 560 1120 672 2772 280 168 1232 2520 700 1988 1652 2660 1988 1932 1792 1512 2660 1540 2240 2296 2156 2296 1316 560 448 1204 28 1148 2716 1484 2464 1932 1232 308 532 168 448 1736 2660 2576 2352 140 1064 1540 700 28 224 532 1540 1092 1484 896 560 1428 84 2464 2632 112 784
1463 532 361 589 1767 551 380 532 1311 1349 931 209 342 589 1425 1748 513 684 1349 57 1254 836 1577 1843 1558 1406 57 1007 912 380 760 456 1881 190 114 836 1710 475 1349 1121 1805 1349 1311 1216 1026 1805 1045 1520 1558 1463 1558 893 380 304 817 19 779 1843 1007 1672 1311 836 209 361 114 304 1178 1805 1748 1596 95 722 1045 475 19 152 361 1045 741 1007 608 380 969 57 1672 1786 76 532
2387 868 589 961 2883 899 620 868 2139 2201 1519 341 558 961 2325 2852 837 1116 2201 93 2046 1364 2573 3007 2542 2294 93 1643 1488 620 1240 744 3069 310 186 1364 2790 775 2201 1829 2945 2201 2139 1984 1674 2945 1705 2480 2542 2387 2542 1457 620 496 1333 31 1271 3007 1643 2728 2139 1364 341 589 186 496 1922 2945 2852 2604 155 1178 1705 775 31 248 589 1705 1209 1643 992 620 1581 93 2728 2914 124 868
7161 2604 1767 2883 8649 2697 1860 2604 6417 6603 4557 1023 1674 2883 6975 8556 2511 3348 6603 279 6138 4092 7719 9021 7626 6882 279 4929 4464 1860 3720 2232 9207 930 558 4092 8370 2325 6603 5487 8835 6603 6417 5952 5022 8835 5115 7440 7626 7161 7626 4371 1860 1488 3999 93 3813 9021 4929 8184 6417 4092 1023 1767 558 1488 5766 8835 8556 7812 465 3534 5115 2325 93 744 1767 5115 3627 4929 2976 1860 4743 279 8184 8742 372 2604
2233 812 551 899 2697 841 580 812 2001 2059 1421 319 522 899 2175 2668 783 1044 2059 87 1914 1276 2407 2813 2378 2146 87 1537 1392 580 1160 696 2871 290 174 1276 2610 725 2059 1711 2755 2059 2001 1856 1566 2755 1595 2320 2378 2233 2378 1363 580 464 1247 29 1189 2813 1537 2552 2001 1276 319 551 174 464 1798 2755 2668 2436 145 1102 1595 725 29 232 551 1595 1131 1537 928 580 1479 87 2552 2726 116 812
1540 560 380 620 1860 580 400 560 1380 1420 980 220 360 620 1500 1840 540 720 1420 60 1320 880 1660 1940 1640 1480 60 1060 960 400 800 480 1980 200 120 880 1800 500 1420 1180 1900 1420 1380 1280 1080 1900 1100 1600 1640 1540 1640 940 400 320 860 20 820 1940 1060 1760 1380 880 220 380 120 320 1240 1900 1840 1680 100 760 1100 500 20 160 380 1100 780 1060 640 400 1020 60 1760 1880 80 560
2156 784 532 868 2604 812 560 784 1932 1988 1372 308 504 868 2100 2576 756 1008 1988 84 1848 1232 2324 2716 2296 2072 84 1484 1344 560 1120 672 2772 280 168 1232 2520 700 1988 1652 2660 1988 1932 1792 1512 2660 1540 2240 2296 2156 2296 1316 560 448 1204 28 1148 2716 1484 2464 1932 1232 308 532 168 448 1736 2660 2576 2352 140 1064 1540 700 28 224 532 1540 1092 1484 896 560 1428 84 2464 2632 112 784
5313 1932 1311 2139 6417 2001 1380 1932 4761 4899 3381 759 1242 2139 5175 6348 1863 2484 4899 207 4554 3036 5727 6693 5658 5106 207 3657 3312 1380 2760 1656 6831 690 414 3036 6210 1725 4899 4071 6555 4899 4761 4416 3726 6555 3795 5520 5658 5313 5658 3243 1380 1104 2967 69 2829 6693 3657 6072 4761 3036 759 1311 414 1104 4278 6555 6348 5796 345 2622 3795 1725 69 552 1311 3795 2691 3657 2208 1380 3519 207 6072 6486 276 1932
5467 1988 1349 2201 6603 2059 1420 1988 4899 5041 3479 781 1278 2201 5325 6532 1917 2556 5041 213 4686 3124 5893 6887 5822 5254 213 3763 3408 1420 2840 1704 7029 710 426 3124 6390 1775 5041 4189 6745 5041 4899 4544 3834 6745 3905 5680 5822 5467 5822 3337 1420 1136 3053 71 2911 6887 3763 6248 4899 3124 781 1349 426 1136 4402 6745 6532 5964 355 2698 3905 1775 71 568 1349 3905 2769 3763 2272 1420 3621 213 6248 6674 284 1988
3773 1372 931 1519 4557 1421 980 1372 3381 3479 2401 539 882 1519 3675 4508 1323 1764 3479 147 3234 2156 4067 4753 4018 3626 147 2597 2352 980 1960 1176 4851 490 294 2156 4410 1225 3479 2891 4655 3479 3381 3136 2646 4655 2695 3920 4018 3773 4018 2303 980 784 2107 49 2009 4753 2597 4312 3381 2156 539 931 294 784 3038 4655 4508 4116 245 1862 2695 1225 49 392 931 2695 1911 2597 1568 980 2499 147 4312 4606 196 1372
847 308 209 341 1023 319 220 308 759 781 539 121 198 341 825 1012 297 396 781 33 726 484 913 1067 902 814 33 583 528 220 440 264 1089 110 66 484 990 275 781 649 1045 781 759 704 594 1045 605 880 902 847 902 517 220 176 473 11 451 1067 583 968 759 484 121 209 66 176 682 1045 1012 924 55 418 605 275 11 88 209 605 429 583 352 220 561 33 968 1034 44 308
1386 504 342 558 1674 522 360 504 1242 1278 882 198 324 558 1350 1656 486 648 1278 54 1188 792 1494 1746 1476 1332 54 954 864 360 720 432 1782 180 108 792 1620 450 1278 1062 1710 1278 1242 1152 972 1710 990 1440 1476 1386 1476 846 360 288 774 18 738 1746 954 1584 1242 792 198 342 108 288 1116 1710 1656 1512 90 684 990 450 18 144 342 990 702 954 576 360 918 54 1584 1692 72 504
2387 868 589 961 2883 899 620 868 2139 2201 1519 341 558 961 2325 2852 837 1116 2201 93 2046 1364 2573 3007 2542 2294 93 1643 1488 620 1240 744 3069 310 186 1364 2790 775 2201 1829 2945 2201 2139 1984 1674 2945 1705 2480 2542 2387 2542 1457 620 496 1333 31 1271 3007 1643 2728 2139 1364 341 589 186 496 1922 2945 2852 2604 155 1178 1705 775 31 248 589 1705 1209 1643 992 620 1581 93 2728 2914 124 868
5775 2100 1425 2325 6975 2175 1500 2100 5175 5325 3675 825 1350 2325 5625 6900 2025 2700 5325 225 4950 3300 6225 7275 6150 5550 225 3975 3600 1500 3000 1800 7425 750 450 3300 6750 1875 5325 4425 7125 5325 5175 4800 4050 7125 4125 6000 6150 5775 6150 3525 1500 1200 3225 75 3075 7275 3975 6600 5175 3300 825 1425 450 1200 4650 7125 6900 6300 375 2850 4125 1875 75 600 1425 4125 2925 3975 2400 1500 3825 225 6600 7050 300 2100
7084 2576 1748 2852 8556 2668 1840 2576 6348 6532 4508 1012 1656 2852 6900 8464 2484 3312 6532 276 6072 4048 7636 8924 7544 6808 276 4876 4416 1840 3680 2208 9108 920 552 4048 8280 2300 6532 5428 8740 6532 6348 5888 4968 8740 5060 7360 7544 7084 7544 4324 1840 1472 3956 92 3772 8924 4876 8096 6348 4048 1012 1748 552 1472 5704 8740 8464 7728 460 3496 5060 2300 92 736 1748 5060 3588 4876 2944 1840 4692 276 8096 8648 368 2576
2079 756 513 837 2511 783 540 756 1863 1917 1323 297 486 837 2025 2484 729 972 1917 81 1782 1188 2241 2619 2214 1998 81 1431 1296 540 1080 648 2673 270 162 1188 2430 675 1917 1593 2565 1917 1863 1728 1458 2565 1485 2160 2214 2079 2214 1269 540 432 1161 27 1107 2619 1431 2376 1863 1188 297 513 162 432 1674 2565 2484 2268 135 1026 1485 675 27 216 513 1485 1053 1431 864 540 1377 81 2376 2538 108 756
2772 1008 684 1116 3348 1044 720 1008 2484 2556 1764 396 648 1116 2700 3312 972 1296 2556 108 2376 1584 2988 3492 2952 2664 108 1908 1728 720 1440 864 3564 360 216 1584 3240 900 2556 2124 3420 2556 2484 2304 1944 3420 1980 2880 2952 2772 2952 1692 720 576 1548 36 1476 3492 1908 3168 2484 1584 396 684 216 576 2232 3420 3312 3024 180 1368 1980 900 36 288 684 1980 1404 1908 1152 720 1836 108 3168 3384 144 1008
5467 1988 1349 2201 6603 2059 1420 1988 4899 5041 3479 781 1278 2201 5325 6532 1917 2556 5041 213 4686 3124 5893 6887 5822 5254 213 3763 3408 1420 2840 1704 7029 710 426 3124 6390 1775 5041 4189 6745 5041 4899 4544 3834 6745 3905 5680 5822 5467 5822 3337 1420 1136 3053 71 2911 6887 3763 6248 4899 3124 781 1349 426 1136 4402 6745 6532 5964 355 2698 3905 1775 71 568 1349 3905 2769 3763 2272 1420 3621 213 6248 6674 284 1988
231 84 57 93 279 87 60 84 207 213 147 33 54 93 225 276 81 108 213 9 198 132 249 291 246 222 9 159 144 60 120 72 297 30 18 132 270 75 213 177 285 213 207 192 162 285 165 240 246 231 246 141 60 48 129 3 123 291 159 264 207 132 33 57 18 48 186 285 276 252 15 114 165 75 3 24 57 165 117 159 96 60 153 9 264 282 12 84
5082 1848 1254 2046 6138 1914 1320 1848 4554 4686 3234 726 1188 2046 4950 6072 1782 2376 4686 198 4356 2904 5478 6402 5412 4884 198 3498 3168 1320 2640 1584 6534 660 396 2904 5940 1650 4686 3894 6270 4686 4554 4224 3564 6270 3630 5280 5412 5082 5412 3102 1320 1056 2838 66 2706 6402 3498 5808 4554 2904 726 1254 396 1056 4092 6270 6072 5544 330 2508 3630 1650 66 528 1254 3630 2574 3498 2112 1320 3366 198 5808 6204 264 1848
3388 1232 836 1364 4092 1276 880 1232 3036 3124 2156 484 792 1364 3300 4048 1188 1584 3124 132 2904 1936 3652 4268 3608 3256 132 2332 2112 880 1760 1056 4356 440 264 1936 3960 1100 3124 2596 4180 3124 3036 2816 2376 4180 2420 3520 3608 3388 3608 2068 880 704 1892 44 1804 4268 2332 3872 3036 1936 484 836 264 704 2728 4180 4048 3696 220 1672 2420 1100 44 352 836 2420 1716 2332 1408 880 2244 132 3872 4136 176 1232
6391 2324 1577 2573 7719 2407 1660 2324 5727 5893 4067 913 1494 2573 6225 7636 2241 2988 5893 249 5478 3652 6889 8051 6806 6142 249 4399 3984 1660 3320 1992 8217 830 498 3652 7470 2075 5893 4897 7885 5893 5727 5312 4482 7885 4565 6640 6806 6391 6806 3901 1660 1328 3569 83 3403 8051 4399 7304 5727 3652 913 1577 498 1328 5146 7885 7636 6972 415 3154 4565 2075 83 664 1577 4565 3237 4399 2656 1660 4233 249 7304 7802 332 2324
7469 2716 1843 3007 9021 2813 1940 2716 6693 6887 4753 1067 1746 3007 7275 8924 2619 3492 6887 291 6402 4268 8051 9409 7954 7178 291 5141 4656 1940 3880 2328 9603 970 582 4268 8730 2425 6887 5723 9215 6887 6693 6208 5238 9215 5335 7760 7954 7469 7954 4559 1940 1552 4171 97 3977 9409 5141 8536 6693 4268 1067 1843 582 1552 6014 9215 8924 8148 485 3686 5335 2425 97 776 1843 5335 3783 5141 3104 1940 4947 291 8536 9118 388 2716
6314 2296 1558 2542 7626 2378 1640 2296 5658 5822 4018 902 1476 2542 6150 7544 2214 2952 5822 246 5412 3608 6806 7954 6724 6068 246 4346 3936 1640 3280 1968 8118 820 492 3608 7380 2050 5822 4838 7790 5822 5658 5248 4428 7790 4510 6560 6724 6314 6724 3854 1640 1312 3526 82 3362 7954 4346 7216 5658 3608 902 1558 492 1312 5084 7790 7544 6888 410 3116 4510 2050 82 656 1558 4510 3198 4346 2624 1640 4182 246 7216 7708 328 2296
5698 2072 1406 2294 6882 2146 1480 2072 5106 5254 3626 814 1332 2294 5550 6808 1998 2664 5254 222 4884 3256 6142 7178 6068 5476 222 3922 3552 1480 2960 1776 7326 740 444 3256 6660 1850 5254 4366 7030 5254 5106 4736 3996 7030 4070 5920 6068 5698 6068 3478 1480 1184 3182 74 3034 7178 3922 6512 5106 3256 814 1406 444 1184 4588 7030 6808 6216 370 2812 4070 1850 74 592 1406 4070 2886 3922 2368 1480 3774 222 6512 6956 296 2072
231 84 57 93 279 87 60 84 207 213 147 33 54 93 225 276 81 108 213 9 198 132 249 291 246 222 9 159 144 60 120 72 297 30 18 132 270 75 213 177 285 213 207 192 162 285 165 240 246 231 246 141 60 48 129 3 123 291 159 264 207 132 33 57 18 48 186 285 276 252 15 114 165 75 3 24 57 165 117 159 96 60 153 9 264 282 12 84
4081 1484 1007 1643 4929 1537 1060 1484 3657 3763 2597 583 954 1643 3975 4876 1431 1908 3763 159 3498 2332 4399 5141 4346 3922 159 2809 2544 1060 2120 1272 5247 530 318 2332 4770 1325 3763 3127 5035 3763 3657 3392 2862 5035 2915 4240 4346 4081 4346 2491 1060 848 2279 53 2173 5141 2809 4664 3657 2332 583 1007 318 848 3286 5035 4876 4452 265 2014 2915 1325 53 424 1007 2915 2067 2809 1696 1060 2703 159 4664 4982 212 1484
3696 1344 912 1488 4464 1392 960 1344 3312 3408 2352 528 864 1488 3600 4416 1296 1728 3408 144 3168 2112 3984 4656 3936 3552 144 2544 2304 960 1920 1152 4752 480 288 2112 4320 1200 3408 2832 4560 3408 3312 3072 2592 4560 2640 3840 3936 3696 3936 2256 960 768 2064 48 1968 4656 2544 4224 3312 2112 528 912 288 768 2976 4560 4416 4032 240 1824 2640 1200 48 384 912 2640 1872 2544 1536 960 2448 144 4224 4512 192 1344
1540 560 380 620 1860 580 400 560 1380 1420 980 220 360 620 1500 1840 540 720 1420 60 1320 880 1660 1940 1640 1480 60 1060 960 400 800 480 1980 200 120 880 1800 500 1420 1180 1900 1420 1380 1280 1080 1900 1100 1600 1640 1540 1640 940 400 320 860 20 820 1940 1060 1760 1380 880 220 380 120 320 1240 1900 1840 1680 100 760 1100 500 20 160 380 1100 780 1060 640 400 1020 60 1760 1880 80 560
3080 1120 760 1240 3720 1160 800 1120 2760 2840 1960 440 720 1240 3000 3680 1080 1440 2840 120 2640 1760 3320 3880 3280 2960 120 2120 1920 800 1600 960 3960 400 240 1760 3600 1000 2840 2360 3800 2840 2760 2560 2160 3800 2200 3200 3280 3080 3280 1880 800 640 1720 40 1640 3880 2120 3520 2760 1760 440 760 240 640 2480 3800 3680 3360 200 1520 2200 1000 40 320 760 2200 1560 2120 1280 800 2040 120 3520 3760 160 1120
1848 672 456 744 2232 696 480 672 1656 1704 1176 264 432 744 1800 2208 648 864 1704 72 1584 1056 1992 2328 1968 1776 72 1272 1152 480 960 576 2376 240 144 1056 2160 600 1704 1416 2280 1704 1656 1536 1296 2280 1320 1920 1968 1848 1968 1128 480 384 1032 24 984 2328 1272 2112 1656 1056 264 456 144 384 1488 2280 2208 2016 120 912 1320 600 24 192 456 1320 936 1272 768 480 1224 72 2112 2256 96 672
7623 2772 1881 3069 9207 2871 1980 2772 6831 7029 4851 1089 1782 3069 7425 9108 2673 3564 7029 297 6534 4356 8217 9603 8118 7326 297 5247 4752 1980 3960 2376 9801 990 594 4356 8910 2475 7029 5841 9405 7029 6831 6336 5346 9405 5445 7920 8118 7623 8118 4653 1980 1584 4257 99 4059 9603 5247 8712 6831 4356 1089 1881 594 1584 6138 9405 9108 8316 495 3762 5445 2475 99 792 1881 5445 3861 5247 3168 1980 5049 297 8712 9306 396 2772
770 280 190 310 930 290 200 280 690 710 490 110 180 310 750 920 270 360 710 30 660 440 830 970 820 740 30 530 480 200 400 240 990 100 60 440 900 250 710 590 950 710 690 640 540 950 550 800 820 770 820 470 200 160 430 10 410 970 530 880 690 440 110 190 60 160 620 950 920 840 50 380 550 250 10 80 190 550 390 530 320 200 510 30 880 940 40 280
462 168 114 186 558 174 120 168 414 426 294 66 108 186 450 552 162 216 426 18 396 264 498 582 492 444 18 318 288 120 240 144 594 60 36 264 540 150 426 354 570 426 414 384 324 570 330 480 492 462 492 282 120 96 258 6 246 582 318 528 414 264 66 114 36 96 372 570 552 504 30 228 330 150 6 48 114 330 234 318 192 120 306 18 528 564 24 168
3388 1232 836 1364 4092 1276 880 1232 3036 3124 2156 484 792 1364 3300 4048 1188 1584 3124 132 2904 1936 3652 4268 3608 3256 132 2332 2112 880 1760 1056 4356 440 264 1936 3960 1100 3124 2596 4180 3124 3036 2816 2376 4180 2420 3520 3608 3388 3608 2068 880 704 1892 44 1804 4268 2332 3872 3036 1936 484 836 264 704 2728 4180 4048 3696 220 1672 2420 1100 44 352 836 2420 1716 2332 1408 880 2244 132 3872 4136 176 1232
6930 2520 1710 2790 8370 2610 1800 2520 6210 6390 4410 990 1620 2790 6750 8280 2430 3240 6390 270 5940 3960 7470 8730 7380 6660 270 4770 4320 1800 3600 2160 8910 900 540 3960 8100 2250 6390 5310 8550 6390 6210 5760 4860 8550 4950 7200 7380 6930 7380 4230 1800 1440 3870 90 3690 8730 4770 7920 6210 3960 990 1710 540 1440 5580 8550 8280 7560 450 3420 4950 2250 90 720 1710 4950 3510 4770 2880 1800 4590 270 7920 8460 360 2520
1925 700 475 775 2325 725 500 700 1725 1775 1225 275 450 775 1875 2300 675 900 1775 75 1650 1100 2075 2425 2050 1850 75 1325 1200 500 1000 600 2475 250 150 1100 2250 625 1775 1475 2375 1775 1725 1600 1350 2375 1375 2000 2050 1925 2050 1175 500 400 1075 25 1025 2425 1325 2200 1725 1100 275 475 150 400 1550 2375 2300 2100 125 950 1375 625 25 200 475 1375 975 1325 800 500 1275 75 2200 2350 100 700
5467 1988 1349 2201 6603 2059 1420 1988 4899 5041 3479 781 1278 2201 5325 6532 1917 2556 5041 213 4686 3124 5893 6887 5822 5254 213 3763 3408 1420 2840 1704 7029 710 426 3124 6390 1775 5041 4189 6745 5041 4899 4544 3834 6745 3905 5680 5822 5467 5822 3337 1420 1136 3053 71 2911 6887 3763 6248 4899 3124 781 1349 426 1136 4402 6745 6532 5964 355 2698 3905 1775 71 568 1349 3905 2769 3763 2272 1420 3621 213 6248 6674 284 1988
4543 1652 1121 1829 5487 1711 1180 1652 4071 4189 2891 649 1062 1829 4425 5428 1593 2124 4189 177 3894 2596 4897 5723 4838 4366 177 3127 2832 1180 2360 1416 5841 590 354 2596 5310 1475 4189 3481 5605 4189 4071 3776 3186 5605 3245 4720 4838 4543 4838 2773 1180 944 2537 59 2419 5723 3127 5192 4071 2596 649 1121 354 944 3658 5605 5428 4956 295 2242 3245 1475 59 472 1121 3245 2301 3127 1888 1180 3009 177 5192 5546 236 1652
7315 2660 1805 2945 8835 2755 1900 2660 6555 6745 4655 1045 1710 2945 7125 8740 2565 3420 6745 285 6270 4180 7885 9215 7790 7030 285 5035 4560 1900 3800 2280 9405 950 570 4180 8550 2375 6745 5605 9025 6745 6555 6080 5130 9025 5225 7600 7790 7315 7790 4465 1900 1520 4085 95 3895 9215 5035 8360 6555 4180 1045 1805 570 1520 5890 9025 8740 7980 475 3610 5225 2375 95 760 1805 5225 3705 5035 3040 1900 4845 285 8360 8930 380 2660
5467 1988 1349 2201 6603 2059 1420 1988 4899 5041 3479 781 1278 2201 5325 6532 1917 2556 5041 213 4686 3124 5893 6887 5822 5254 213 3763 3408 1420 2840 1704 7029 710 426 3124 6390 1775 5041 4189 6745 5041 4899 4544 3834 6745 3905 5680 5822 5467 5822 3337 1420 1136 3053 71 2911 6887 3763 6248 4899 3124 781 1349 426 1136 4402 6745 6532 5964 355 2698 3905 1775 71 568 1349 3905 2769 3763 2272 1420 3621 213 6248 6674 284 1988
5313 1932 1311 2139 6417 2001 1380 1932 4761 4899 3381 759 1242 2139 5175 6348 1863 2484 4899 207 4554 3036 5727 6693 5658 5106 207 3657 3312 1380 2760 1656 6831 690 414 3036 6210 1725 4899 4071 6555 4899 4761 4416 3726 6555 3795 5520 5658 5313 5658 3243 1380 1104 2967 69 2829 6693 3657 6072 4761 3036 759 1311 414 1104 4278 6555 6348 5796 345 2622 3795 1725 69 552 1311 3795 2691 3657 2208 1380 3519 207 6072 6486 276 1932
4928 1792 1216 1984 5952 1856 1280 1792 4416 4544 3136 704 1152 1984 4800 5888 1728 2304 4544 192 4224 2816 5312 6208 5248 4736 192 3392 3072 1280 2560 1536 6336 640 384 2816 5760 1600 4544 3776 6080 4544 4416 4096 3456 6080 3520 5120 5248 4928 5248 3008 1280 1024 2752 64 2624 6208 3392 5632 4416 2816 704 1216 384 1024 3968 6080 5888 5376 320 2432 3520 1600 64 512 1216 3520 2496 3392 2048 1280 3264 192 5632 6016 256 1792
4158 1512 1026 1674 5022 1566 1080 1512 3726 3834 2646 594 972 1674 4050 4968 1458 1944 3834 162 3564 2376 4482 5238 4428 3996 162 2862 2592 1080 2160 1296 5346 540 324 2376 4860 1350 3834 3186 5130 3834 3726 3456 2916 5130 2970 4320 4428 4158 4428 2538 1080 864 2322 54 2214 5238 2862 4752 3726 2376 594 1026 324 864 3348 5130 4968 4536 270 2052 2970 1350 54 432 1026 2970 2106 2862 1728 1080 2754 162 4752 5076 216 1512
7315 2660 1805 2945 8835 2755 1900 2660 6555 6745 4655 1045 1710 2945 7125 8740 2565 3420 6745 285 6270 4180 7885 9215 7790 7030 285 5035 4560 1900 3800 2280 9405 950 570 4180 8550 2375 6745 5605 9025 6745 6555 6080 5130 9025 5225 7600 7790 7315 7790 4465 1900 1520 4085 95 3895 9215 5035 8360 6555 4180 1045 1805 570 1520 5890 9025 8740 7980 475 3610 5225 2375 95 760 1805 5225 3705 5035 3040 1900 4845 285 8360 8930 380 2660
4235 1540 1045 1705 5115 1595 1100 1540 3795 3905 2695 605 990 1705 4125 5060 1485 1980 3905 165 3630 2420 4565 5335 4510 4070 165 2915 2640 1100 2200 1320 5445 550 330 2420 4950 1375 3905 3245 5225 3905 3795 3520 2970 5225 3025 4400 4510 4235 4510 2585 1100 880 2365 55 2255 5335 2915 4840 3795 2420 605 1045 330 880 3410 5225 5060 4620 275 2090 3025 1375 55 440 1045 3025 2145 2915 1760 1100 2805 165 4840 5170 220 1540
6160 2240 1520 2480 7440 2320 1600 2240 5520 5680 3920 880 1440 2480 6000 7360 2160 2880 5680 240 5280 3520 6640 7760 6560 5920 240 4240 3840 1600 3200 1920 7920 800 480 3520 7200 2000 5680 4720 7600 5680 5520 5120 4320 7600 4400 6400 6560 6160 6560 3760 1600 1280 3440 80 3280 7760 4240 7040 5520 3520 880 1520 480 1280 4960 7600 7360 6720 400 3040 4400 2000 80 640 1520 4400 3120 4240 2560 1600 4080 240 7040 7520 320 2240
6314 2296 1558 2542 7626 2378 1640 2296 5658 5822 4018 902 1476 2542 6150 7544 2214 2952 5822 246 5412 3608 6806 7954 6724 6068 246 4346 3936 1640 3280 1968 8118 820 492 3608 7380 2050 5822 4838 7790 5822 5658 5248 4428 7790 4510 6560 6724 6314 6724 3854 1640 1312 3526 82 3362 7954 4346 7216 5658 3608 902 1558 492 1312 5084 7790 7544 6888 410 3116 4510 2050 82 656 1558 4510 3198 4346 2624 1640 4182 246 7216 7708 328 2296
5929 2156 1463 2387 7161 2233 1540 2156 5313 5467 3773 847 1386 2387 5775 7084 2079 2772 5467 231 5082 3388 6391 7469 6314 5698 231 4081 3696 1540 3080 1848 7623 770 462 3388 6930 1925 5467 4543 7315 5467 5313 4928 4158 7315 4235 6160 6314 5929 6314 3619 1540 1232 3311 77 3157 7469 4081 6776 5313 3388 847 1463 462 1232 4774 7315 7084 6468 385 2926 4235 1925 77 616 1463 4235 3003 4081 2464 1540 3927 231 6776 7238 308 2156
6314 2296 1558 2542 7626 2378 1640 2296 5658 5822 4018 902 1476 2542 6150 7544 2214 2952 5822 246 5412 3608 6806 7954 6724 6068 246 4346 3936 1640 3280 1968 8118 820 492 3608 7380 2050 5822 4838 7790 5822 5658 5248 4428 7790 4510 6560 6724 6314 6724 3854 1640 1312 3526 82 3362 7954 4346 7216 5658 3608 902 1558 492 1312 5084 7790 7544 6888 410 3116 4510 2050 82 656 1558 4510 3198 4346 2624 1640 4182 246 7216 7708 328 2296
3619 1316 893 1457 4371 1363 940 1316 3243 3337 2303 517 846 1457 3525 4324 1269 1692 3337 141 3102 2068 3901 4559 3854 3478 141 2491 2256 940 1880 1128 4653 470 282 2068 4230 1175 3337 2773 4465 3337 3243 3008 2538 4465 2585 3760 3854 3619 3854 2209 940 752 2021 47 1927 4559 2491 4136 3243 2068 517 893 282 752 2914 4465 4324 3948 235 1786 2585 1175 47 376 893 2585 1833 2491 1504 940 2397 141 4136 4418 188 1316
1540 560 380 620 1860 580 400 560 1380 1420 980 220 360 620 1500 1840 540 720 1420 60 1320 880 1660 1940 1640 1480 60 1060 960 400 800 480 1980 200 120 880 1800 500 1420 1180 1900 1420 1380 1280 1080 1900 1100 1600 1640 1540 1640 940 400 320 860 20 820 1940 1060 1760 1380 880 220 380 120 320 1240 1900 1840 1680 100 760 1100 500 20 160 380 1100 780 1060 640 400 1020 60 1760 1880 80 560
1232 448 304 496 1488 464 320 448 1104 1136 784 176 288 496 1200 1472 432 576 1136 48 1056 704 1328 1552 1312 1184 48 848 768 320 640 384 1584 160 96 704 1440 400 1136 944 1520 1136 1104 1024 864 1520 880 1280 1312 1232 1312 752 320 256 688 16 656 1552 848 1408 1104 704 176 304 96 256 992 1520 1472 1344 80 608 880 400 16 128 304 880 624 848 512 320 816 48 1408 1504 64 448
3311 1204 817 1333 3999 1247 860 1204 2967 3053 2107 473 774 1333 3225 3956 1161 1548 3053 129 2838 1892 3569 4171 3526 3182 129 2279 2064 860 1720 1032 4257 430 258 1892 3870 1075 3053 2537 4085 3053 2967 2752 2322 4085 2365 3440 3526 3311 3526 2021 860 688 1849 43 1763 4171 2279 3784 2967 1892 473 817 258 688 2666 4085 3956 3612 215 1634 2365 1075 43 344 817 2365 1677 2279 1376 860 2193 129 3784 4042 172 1204
77 28 19 31 93 29 20 28 69 71 49 11 18 31 75 92 27 36 71 3 66 44 83 97 82 74 3 53 48 20 40 24 99 10 6 44 90 25 71 59 95 71 69 64 54 95 55 80 82 77 82 47 20 16 43 1 41 97 53 88 69 44 11 19 6 16 62 95 92 84 5 38 55 25 1 8 19 55 39 53 32 20 51 3 88 94 4 28
3157 1148 779 1271 3813 1189 820 1148 2829 2911 2009 451 738 1271 3075 3772 1107 1476 2911 123 2706 1804 3403 3977 3362 3034 123 2173 1968 820 1640 984 4059 410 246 1804 3690 1025 2911 2419 3895 2911 2829 2624 2214 3895 2255 3280 3362 3157 3362 1927 820 656 1763 41 1681 3977 2173 3608 2829 1804 451 779 246 656 2542 3895 3772 3444 205 1558 2255 1025 41 328 779 2255 1599 2173 1312 820 2091 123 3608 3854 164 1148
7469 2716 1843 3007 9021 2813 1940 2716 6693 6887 4753 1067 1746 3007 7275 8924 2619 3492 6887 291 6402 4268 8051 9409 7954 7178 291 5141 4656 1940 3880 2328 9603 970 582 4268 8730 2425 6887 5723 9215 6887 6693 6208 5238 9215 5335 7760 7954 7469 7954 4559 1940 1552 4171 97 3977 9409 5141 8536 6693 4268 1067 1843 582 1552 6014 9215 8924 8148 485 3686 5335 2425 97 776 1843 5335 3783 5141 3104 1940 4947 291 8536 9118 388 2716
4081 1484 1007 1643 4929 1537 1060 1484 3657 3763 2597 583 954 1643 3975 4876 1431 1908 3763 159 3498 2332 4399 5141 4346 3922 159 2809 2544 1060 2120 1272 5247 530 318 2332 4770 1325 3763 3127 5035 3763 3657 3392 2862 5035 2915 4240 4346 4081 4346 2491 1060 848 2279 53 2173 5141 2809 4664 3657 2332 583 1007 318 848 3286 5035 4876 4452 265 2014 2915 1325 53 424 1007 2915 2067 2809 1696 1060 2703 159 4664 4982 212 1484
6776 2464 1672 2728 8184 2552 1760 2464 6072 6248 4312 968 1584 2728 6600 8096 2376 3168 6248 264 5808 3872 7304 8536 7216 6512 264 4664 4224 1760 3520 2112 8712 880 528 3872 7920 2200 6248 5192 8360 6248 6072 5632 4752 8360 4840 7040 7216 6776 7216 4136 1760 1408 3784 88 3608 8536 4664 7744 6072 3872 968 1672 528 1408 5456 8360 8096 7392 440 3344 4840 2200 88 704 1672 4840 3432 4664 2816 1760 4488 264 7744 8272 352 2464
5313 1932 1311 2139 6417 2001 1380 1932 4761 4899 3381 759 1242 2139 5175 6348 1863 2484 4899 207 4554 3036 5727 6693 5658 5106 207 3657 3312 1380 2760 1656 6831 690 414 3036 6210 1725 4899 4071 6555 4899 4761 4416 3726 6555 3795 5520 5658 5313 5658 3243 1380 1104 2967 69 2829 6693 3657 6072 4761 3036 759 1311 414 1104 4278 6555 6348 5796 345 2622 3795 1725 69 552 1311 3795 2691 3657 2208 1380 3519 207 6072 6486 276 1932
3388 1232 836 1364 4092 1276 880 1232 3036 3124 2156 484 792 1364 3300 4048 1188 1584 3124 132 2904 1936 3652 4268 3608 3256 132 2332 2112 880 1760 1056 4356 440 264 1936 3960 1100 3124 2596 4180 3124 3036 2816 2376 4180 2420 3520 3608 3388 3608 2068 880 704 1892 44 1804 4268 2332 3872 3036 1936 484 836 264 704 2728 4180 4048 3696 220 1672 2420 1100 44 352 836 2420 1716 2332 1408 880 2244 132 3872 4136 176 1232
847 308 209 341 1023 319 220 308 759 781 539 121 198 341 825 1012 297 396 781 33 726 484 913 1067 902 814 33 583 528 220 440 264 1089 110 66 484 990 275 781 649 1045 781 759 704 594 1045 605 880 902 847 902 517 220 176 473 11 451 1067 583 968 759 484 121 209 66 176 682 1045 1012 924 55 418 605 275 11 88 209 605 429 583 352 220 561 33 968 1034 44 308
1463 532 361 589 1767 551 380 532 1311 1349 931 209 342 589 1425 1748 513 684 1349 57 1254 836 1577 1843 1558 1406 57 1007 912 380 760 456 1881 190 114 836 1710 475 1349 1121 1805 1349 1311 1216 1026 1805 1045 1520 1558 1463 1558 893 380 304 817 19 779 1843 1007 1672 1311 836 209 361 114 304 1178 1805 1748 1596 95 722 1045 475 19 152 361 1045 741 1007 608 380 969 57 1672 1786 76 532
462 168 114 186 558 174 120 168 414 426 294 66 108 186 450 552 162 216 426 18 396 264 498 582 492 444 18 318 288 120 240 144 594 60 36 264 540 150 426 354 570 426 414 384 324 570 330 480 492 462 492 282 120 96 258 6 246 582 318 528 414 264 66 114 36 96 372 570 552 504 30 228 330 150 6 48 114 330 234 318 192 120 306 18 528 564 24 168
1232 448 304 496 1488 464 320 448 1104 1136 784 176 288 496 1200 1472 432 576 1136 48 1056 704 1328 1552 1312 1184 48 848 768 320 640 384 1584 160 96 704 1440 400 1136 944 1520 1136 1104 1024 864 1520 880 1280 1312 1232 1312 752 320 256 688 16 656 1552 848 1408 1104 704 176 304 96 256 992 1520 1472 1344 80 608 880 400 16 128 304 880 624 848 512 320 816 48 1408 1504 64 448
4774 1736 1178 1922 5766 1798 1240 1736 4278 4402 3038 682 1116 1922 4650 5704 1674 2232 4402 186 4092 2728 5146 6014 5084 4588 186 3286 2976 1240 2480 1488 6138 620 372 2728 5580 1550 4402 3658 5890 4402 4278 3968 3348 5890 3410 4960 5084 4774 5084 2914 1240 992 2666 62 2542 6014 3286 5456 4278 2728 682 1178 372 992 3844 5890 5704 5208 310 2356 3410 1550 62 496 1178 3410 2418 3286 1984 1240 3162 186 5456 5828 248 1736
7315 2660 1805 2945 8835 2755 1900 2660 6555 6745 4655 1045 1710 2945 7125 8740 2565 3420 6745 285 6270 4180 7885 9215 7790 7030 285 5035 4560 1900 3800 2280 9405 950 570 4180 8550 2375 6745 5605 9025 6745 6555 6080 5130 9025 5225 7600 7790 7315 7790 4465 1900 1520 4085 95 3895 9215 5035 8360 6555 4180 1045 1805 570 1520 5890 9025 8740 7980 475 3610 5225 2375 95 760 1805 5225 3705 5035 3040 1900 4845 285 8360 8930 380 2660
7084 2576 1748 2852 8556 2668 1840 2576 6348 6532 4508 1012 1656 2852 6900 8464 2484 3312 6532 276 6072 4048 7636 8924 7544 6808 276 4876 4416 1840 3680 2208 9108 920 552 4048 8280 2300 6532 5428 8740 6532 6348 5888 4968 8740 5060 7360 7544 7084 7544 4324 1840 1472 3956 92 3772 8924 4876 8096 6348 4048 1012 1748 552 1472 5704 8740 8464 7728 460 3496 5060 2300 92 736 1748 5060 3588 4876 2944 1840 4692 276 8096 8648 368 2576
6468 2352 1596 2604 7812 2436 1680 2352 5796 5964 4116 924 1512 2604 6300 7728 2268 3024 5964 252 5544 3696 6972 8148 6888 6216 252 4452 4032 1680 3360 2016 8316 840 504 3696 7560 2100 5964 4956 7980 5964 5796 5376 4536 7980 4620 6720 6888 6468 6888 3948 1680 1344 3612 84 3444 8148 4452 7392 5796 3696 924 1596 504 1344 5208 7980 7728 7056 420 3192 4620 2100 84 672 1596 4620 3276 4452 2688 1680 4284 252 7392 7896 336 2352
385 140 95 155 465 145 100 140 345 355 245 55 90 155 375 460 135 180 355 15 330 220 415 485 410 370 15 265 240 100 200 120 495 50 30 220 450 125 355 295 475 355 345 320 270 475 275 400 410 385 410 235 100 80 215 5 205 485 265 440 345 220 55 95 30 80 310 475 460 420 25 190 275 125 5 40 95 275 195 265 160 100 255 15 440 470 20 140
2926 1064 722 1178 3534 1102 760 1064 2622 2698 1862 418 684 1178 2850 3496 1026 1368 2698 114 2508 1672 3154 3686 3116 2812 114 2014 1824 760 1520 912 3762 380 228 1672 3420 950 2698 2242 3610 2698 2622 2432 2052 3610 2090 3040 3116 2926 3116 1786 760 608 1634 38 1558 3686 2014 3344 2622 1672 418 722 228 608 2356 3610 3496 3192 190 1444 2090 950 38 304 722 2090 1482 2014 1216 760 1938 114 3344 3572 152 1064
4235 1540 1045 1705 5115 1595 1100 1540 3795 3905 2695 605 990 1705 4125 5060 1485 1980 3905 165 3630 2420 4565 5335 4510 4070 165 2915 2640 1100 2200 1320 5445 550 330 2420 4950 1375 3905 3245 5225 3905 3795 3520 2970 5225 3025 4400 4510 4235 4510 2585 1100 880 2365 55 2255 5335 2915 4840 3795 2420 605 1045 330 880 3410 5225 5060 4620 275 2090 3025 1375 55 440 1045 3025 2145 2915 1760 1100 2805 165 4840 5170 220 1540
1925 700 475 775 2325 725 500 700 1725 1775 1225 275 450 775 1875 2300 675 900 1775 75 1650 1100 2075 2425 2050 1850 75 1325 1200 500 1000 600 2475 250 150 1100 2250 625 1775 1475 2375 1775 1725 1600 1350 2375 1375 2000 2050 1925 2050 1175 500 400 1075 25 1025 2425 1325 2200 1725 1100 275 475 150 400 1550 2375 2300 2100 125 950 1375 625 25 200 475 1375 975 1325 800 500 1275 75 2200 2350 100 700
77 28 19 31 93 29 20 28 69 71 49 11 18 31 75 92 27 36 71 3 66 44 83 97 82 74 3 53 48 20 40 24 99 10 6 44 90 25 71 59 95 71 69 64 54 95 55 80 82 77 82 47 20 16 43 1 41 97 53 88 69 44 11 19 6 16 62 95 92 84 5 38 55 25 1 8 19 55 39 53 32 20 51 3 88 94 4 28
616 224 152 248 744 232 160 224 552 568 392 88 144 248 600 736 216 288 568 24 528 352 664 776 656 592 24 424 384 160 320 192 792 80 48 352 720 200 568 472 760 568 552 512 432 760 440 640 656 616 656 376 160 128 344 8 328 776 424 704 552 352 88 152 48 128 496 760 736 672 40 304 440 200 8 64 152 440 312 424 256 160 408 24 704 752 32 224
1463 532 361 589 1767 551 380 532 1311 1349 931 209 342 589 1425 1748 513 684 1349 57 1254 836 1577 1843 1558 1406 57 1007 912 380 760 456 1881 190 114 836 1710 475 1349 1121 1805 1349 1311 1216 1026 1805 1045 1520 1558 1463 1558 893 380 304 817 19 779 1843 1007 1672 1311 836 209 361 114 304 1178 1805 1748 1596 95 722 1045 475 19 152 361 1045 741 1007 608 380 969 57 1672 1786 76 532
4235 1540 1045 1705 5115 1595 1100 1540 3795 3905 2695 605 990 1705 4125 5060 1485 1980 3905 165 3630 2420 4565 5335 4510 4070 165 2915 2640 1100 2200 1320 5445 550 330 2420 4950 1375 3905 3245 5225 3905 3795 3520 2970 5225 3025 4400 4510 4235 4510 2585 1100 880 2365 55 2255 5335 2915 4840 3795 2420 605 1045 330 880 3410 5225 5060 4620 275 2090 3025 1375 55 440 1045 3025 2145 2915 1760 1100 2805 165 4840 5170 220 1540
3003 1092 741 1209 3627 1131 780 1092 2691 2769 1911 429 702 1209 2925 3588 1053 1404 2769 117 2574 1716 3237 3783 3198 2886 117 2067 1872 780 1560 936 3861 390 234 1716 3510 975 2769 2301 3705 2769 2691 2496 2106 3705 2145 3120 3198 3003 3198 1833 780 624 1677 39 1599 3783 2067 3432 2691 1716 429 741 234 624 2418 3705 3588 3276 195 1482 2145 975 39 312 741 2145 1521 2067 1248 780 1989 117 3432 3666 156 1092
4081 1484 1007 1643 4929 1537 1060 1484 3657 3763 2597 583 954 1643 3975 4876 1431 1908 3763 159 3498 2332 4399 5141 4346 3922 159 2809 2544 1060 2120 1272 5247 530 318 2332 4770 1325 3763 3127 5035 3763 3657 3392 2862 5035 2915 4240 4346 4081 4346 2491 1060 848 2279 53 2173 5141 2809 4664 3657 2332 583 1007 318 848 3286 5035 4876 4452 265 2014 2915 1325 53 424 1007 2915 2067 2809 1696 1060 2703 159 4664 4982 212 1484
2464 896 608 992 2976 928 640 896 2208 2272 1568 352 576 992 2400 2944 864 1152 2272 96 2112 1408 2656 3104 2624 2368 96 1696 1536 640 1280 768 3168 320 192 1408 2880 800 2272 1888 3040 2272 2208 2048 1728 3040 1760 2560 2624 2464 2624 1504 640 512 1376 32 1312 3104 1696 2816 2208 1408 352 608 192 512 1984 3040 2944 2688 160 1216 1760 800 32 256 608 1760 1248 1696 1024 640 1632 96 2816 3008 128 896
1540 560 380 620 1860 580 400 560 1380 1420 980 220 360 620 1500 1840 540 720 1420 60 1320 880 1660 1940 1640 1480 60 1060 960 400 800 480 1980 200 120 880 1800 500 1420 1180 1900 1420 1380 1280 1080 1900 1100 1600 1640 1540 1640 940 400 320 860 20 820 1940 1060 1760 1380 880 220 380 120 320 1240 1900 1840 1680 100 760 1100 500 20 160 380 1100 780 1060 640 400 1020 60 1760 1880 80 560
3927 1428 969 1581 4743 1479 1020 1428 3519 3621 2499 561 918 1581 3825 4692 1377 1836 3621 153 3366 2244 4233 4947 4182 3774 153 2703 2448 1020 2040 1224 5049 510 306 2244 4590 1275 3621 3009 4845 3621 3519 3264 2754 4845 2805 4080 4182 3927 4182 2397 1020 816 2193 51 2091 4947 2703 4488 3519 2244 561 969 306 816 3162 4845 4692 4284 255 1938 2805 1275 51 408 969 2805 1989 2703 1632 1020 2601 153 4488 4794 204 1428
231 84 57 93 279 87 60 84 207 213 147 33 54 93 225 276 81 108 213 9 198 132 249 291 246 222 9 159 144 60 120 72 297 30 18 132 270 75 213 177 285 213 207 192 162 285 165 240 246 231 246 141 60 48 129 3 123 291 159 264 207 132 33 57 18 48 186 285 276 252 15 114 165 75 3 24 57 165 117 159 96 60 153 9 264 282 12 84
6776 2464 1672 2728 8184 2552 1760 2464 6072 6248 4312 968 1584 2728 6600 8096 2376 3168 6248 264 5808 3872 7304 8536 7216 6512 264 4664 4224 1760 3520 2112 8712 880 528 3872 7920 2200 6248 5192 8360 6248 6072 5632 4752 8360 4840 7040 7216 6776 7216 4136 1760 1408 3784 88 3608 8536 4664 7744 6072 3872 968 1672 528 1408 5456 8360 8096 7392 440 3344 4840 2200 88 704 1672 4840 3432 4664 2816 1760 4488 264 7744 8272 352 2464
7238 2632 1786 2914 8742 2726 1880 2632 6486 6674 4606 1034 1692 2914 7050 8648 2538 3384 6674 282 6204 4136 7802 9118 7708 6956 282 4982 4512 1880 3760 2256 9306 940 564 4136 8460 2350 6674 5546 8930 6674 6486 6016 5076 8930 5170 7520 7708 7238 7708 4418 1880 1504 4042 94 3854 9118 4982 8272 6486 4136 1034 1786 564 1504 5828 8930 8648 7896 470 3572 5170 2350 94 752 1786 5170 3666 4982 3008 1880 4794 282 8272 8836 376 2632
308 112 76 124 372 116 80 112 276 284 196 44 72 124 300 368 108 144 284 12 264 176 332 388 328 296 12 212 192 80 160 96 396 40 24 176 360 100 284 236 380 284 276 256 216 380 220 320 328 308 328 188 80 64 172 4 164 388 212 352 276 176 44 76 24 64 248 380 368 336 20 152 220 100 4 32 76 220 156 212 128 80 204 12 352 376 16 112
2156 784 532 868 2604 812 560 784 1932 1988 1372 308 504 868 2100 2576 756 1008 1988 84 1848 1232 2324 2716 2296 2072 84 1484 1344 560 1120 672 2772 280 168 1232 2520 700 1988 1652 2660 1988 1932 1792 1512 2660 1540 2240 2296 2156 2296 1316 560 448 1204 28 1148 2716 1484 2464 1932 1232 308 532 168 448 1736 2660 2576 2352 140 1064 1540 700 28 224 532 1540 1092 1484 896 560 1428 84 2464 2632 112 784
