17
1369 962 2405 148 2775 370 2997 3663 3404 2627 2442 740 703 1517 2368 1554 1184
962 676 1690 104 1950 260 2106 2574 2392 1846 1716 520 494 1066 1664 1092 832
2405 1690 4225 260 4875 650 5265 6435 5980 4615 4290 1300 1235 2665 4160 2730 2080
148 104 260 16 300 40 324 396 368 284 264 80 76 164 256 168 128
2775 1950 4875 300 5625 750 6075 7425 6900 5325 4950 1500 1425 3075 4800 3150 2400
370 260 650 40 750 100 810 990 920 710 660 200 190 410 640 420 320
2997 2106 5265 324 6075 810 6561 8019 7452 5751 5346 1620 1539 3321 5184 3402 2592
3663 2574 6435 396 7425 990 8019 9801 9108 7029 6534 1980 1881 4059 6336 4158 3168
3404 2392 5980 368 6900 920 7452 9108 8464 6532 6072 1840 1748 3772 5888 3864 2944
2627 1846 4615 284 5325 710 5751 7029 6532 5041 4686 1420 1349 2911 4544 2982 2272
2442 1716 4290 264 4950 660 5346 6534 6072 4686 4356 1320 1254 2706 4224 2772 2112
740 520 1300 80 1500 200 1620 1980 1840 1420 1320 400 380 820 1280 840 640
703 494 1235 76 1425 190 1539 1881 1748 1349 1254 380 361 779 1216 798 608
1517 1066 2665 164 3075 410 3321 4059 3772 2911 2706 820 779 1681 2624 1722 1312
2368 1664 4160 256 4800 640 5184 6336 5888 4544 4224 1280 1216 2624 4096 2688 2048
1554 1092 2730 168 3150 420 3402 4158 3864 2982 2772 840 798 1722 2688 1764 1344
1184 832 2080 128 2400 320 2592 3168 2944 2272 2112 640 608 1312 2048 1344 1024
