74
8836 4136 2068 3290 2914 7426 1598 940 3384 7238 7238 2162 6110 6768 1598 7614 564 3290 3666 6204 7332 1034 6768 4794 3666 7332 2914 1880 6862 6580 4230 6204 1222 1692 9400 4042 9118 1504 376 3008 4136 7520 5076 5640 282 2162 8648 5734 5358 2820 2444 8084 8742 9118 3384 2914 7050 6298 188 9306 8272 4418 6016 9400 6016 1410 8930 1128 7802 9212 4136 7332 2820 4606
4136 1936 968 1540 1364 3476 748 440 1584 3388 3388 1012 2860 3168 748 3564 264 1540 1716 2904 3432 484 3168 2244 1716 3432 1364 880 3212 3080 1980 2904 572 792 4400 1892 4268 704 176 1408 1936 3520 2376 2640 132 1012 4048 2684 2508 1320 1144 3784 4092 4268 1584 1364 3300 2948 88 4356 3872 2068 2816 4400 2816 660 4180 528 3652 4312 1936 3432 1320 2156
2068 968 484 770 682 1738 374 220 792 1694 1694 506 1430 1584 374 1782 132 770 858 1452 1716 242 1584 1122 858 1716 682 440 1606 1540 990 1452 286 396 2200 946 2134 352 88 704 968 1760 1188 1320 66 506 2024 1342 1254 660 572 1892 2046 2134 792 682 1650 1474 44 2178 1936 1034 1408 2200 1408 330 2090 264 1826 2156 968 1716 660 1078
3290 1540 770 1225 1085 2765 595 350 1260 2695 2695 805 2275 2520 595 2835 210 1225 1365 2310 2730 385 2520 1785 1365 2730 1085 700 2555 2450 1575 2310 455 630 3500 1505 3395 560 140 1120 1540 2800 1890 2100 105 805 3220 2135 1995 1050 910 3010 3255 3395 1260 1085 2625 2345 70 3465 3080 1645 2240 3500 2240 525 3325 420 2905 3430 1540 2730 1050 1715
2914 1364 682 1085 961 2449 527 310 1116 2387 2387 713 2015 2232 527 2511 186 1085 1209 2046 2418 341 2232 1581 1209 2418 961 620 2263 2170 1395 2046 403 558 3100 1333 3007 496 124 992 1364 2480 1674 1860 93 713 2852 1891 1767 930 806 2666 2883 3007 1116 961 2325 2077 62 3069 2728 1457 1984 3100 1984 465 2945 372 2573 3038 1364 2418 930 1519
7426 3476 1738 2765 2449 6241 1343 790 2844 6083 6083 1817 5135 5688 1343 6399 474 2765 3081 5214 6162 869 5688 4029 3081 6162 2449 1580 5767 5530 3555 5214 1027 1422 7900 3397 7663 1264 316 2528 3476 6320 4266 4740 237 1817 7268 4819 4503 2370 2054 6794 7347 7663 2844 2449 5925 5293 158 7821 6952 3713 5056 7900 5056 1185 7505 948 6557 7742 3476 6162 2370 3871
1598 748 374 595 527 1343 289 170 612 1309 1309 391 1105 1224 289 1377 102 595 663 1122 1326 187 1224 867 663 1326 527 340 1241 1190 765 1122 221 306 1700 731 1649 272 68 544 748 1360 918 1020 51 391 1564 1037 969 510 442 1462 1581 1649 612 527 1275 1139 34 1683 1496 799 1088 1700 1088 255 1615 204 1411 1666 748 1326 510 833
940 440 220 350 310 790 170 100 360 770 770 230 650 720 170 810 60 350 390 660 780 110 720 510 390 780 310 200 730 700 450 660 130 180 1000 430 970 160 40 320 440 800 540 600 30 230 920 610 570 300 260 860 930 970 360 310 750 670 20 990 880 470 640 1000 640 150 950 120 830 980 440 780 300 490
3384 1584 792 1260 1116 2844 612 360 1296 2772 2772 828 2340 2592 612 2916 216 1260 1404 2376 2808 396 2592 1836 1404 2808 1116 720 2628 2520 1620 2376 468 648 3600 1548 3492 576 144 1152 1584 2880 1944 2160 108 828 3312 2196 2052 1080 936 3096 3348 3492 1296 1116 2700 2412 72 3564 3168 1692 2304 3600 2304 540 3420 432 2988 3528 1584 2808 1080 1764
7238 3388 1694 2695 2387 6083 1309 770 2772 5929 5929 1771 5005 5544 1309 6237 462 2695 3003 5082 6006 847 5544 3927 3003 6006 2387 1540 5621 5390 3465 5082 1001 1386 7700 3311 7469 1232 308 2464 3388 6160 4158 4620 231 1771 7084 4697 4389 2310 2002 6622 7161 7469 2772 2387 5775 5159 154 7623 6776 3619 4928 7700 4928 1155 7315 924 6391 7546 3388 6006 2310 3773
7238 3388 1694 2695 2387 6083 1309 770 2772 5929 5929 1771 5005 5544 1309 6237 462 2695 3003 5082 6006 847 5544 3927 3003 6006 2387 1540 5621 5390 3465 5082 1001 1386 7700 3311 7469 1232 308 2464 3388 6160 4158 4620 231 1771 7084 4697 4389 2310 2002 6622 7161 7469 2772 2387 5775 5159 154 7623 6776 3619 4928 7700 4928 1155 7315 924 6391 7546 3388 6006 2310 3773
2162 1012 506 805 713 1817 391 230 828 1771 1771 529 1495 1656 391 1863 138 805 897 1518 1794 253 1656 1173 897 1794 713 460 1679 1610 1035 1518 299 414 2300 989 2231 368 92 736 1012 1840 1242 1380 69 529 2116 1403 1311 690 598 1978 2139 2231 828 713 1725 1541 46 2277 2024 1081 1472 2300 1472 345 2185 276 1909 2254 1012 1794 690 1127
6110 2860 1430 2275 2015 5135 1105 650 2340 5005 5005 1495 4225 4680 1105 5265 390 2275 2535 4290 5070 715 4680 3315 2535 5070 2015 1300 4745 4550 2925 4290 845 1170 6500 2795 6305 1040 260 2080 2860 5200 3510 3900 195 1495 5980 3965 3705 1950 1690 5590 6045 6305 2340 2015 4875 4355 130 6435 5720 3055 4160 6500 4160 975 6175 780 5395 6370 2860 5070 1950 3185
6768 3168 1584 2520 2232 5688 1224 720 2592 5544 5544 1656 4680 5184 1224 5832 432 2520 2808 4752 5616 792 5184 3672 2808 5616 2232 1440 5256 5040 3240 4752 936 1296 7200 3096 6984 1152 288 2304 3168 5760 3888 4320 216 1656 6624 4392 4104 2160 1872 6192 6696 6984 2592 2232 5400 4824 144 7128 6336 3384 4608 7200 4608 1080 6840 864 5976 7056 3168 5616 2160 3528
1598 748 374 595 527 1343 289 170 612 1309 1309 391 1105 1224 289 1377 102 595 663 1122 1326 187 1224 867 663 1326 527 340 1241 1190 765 1122 221 306 1700 731 1649 272 68 544 748 1360 918 1020 51 391 1564 1037 969 510 442 1462 1581 1649 612 527 1275 1139 34 1683 1496 799 1088 1700 1088 255 1615 204 1411 1666 748 1326 510 833
7614 3564 1782 2835 2511 6399 1377 810 2916 6237 6237 1863 5265 5832 1377 6561 486 2835 3159 5346 6318 891 5832 4131 3159 6318 2511 1620 5913 5670 3645 5346 1053 1458 8100 3483 7857 1296 324 2592 3564 6480 4374 4860 243 1863 7452 4941 4617 2430 2106 6966 7533 7857 2916 2511 6075 5427 162 8019 7128 3807 5184 8100 5184 1215 7695 972 6723 7938 3564 6318 2430 3969
564 264 132 210 186 474 102 60 216 462 462 138 390 432 102 486 36 210 234 396 468 66 432 306 234 468 186 120 438 420 270 396 78 108 600 258 582 96 24 192 264 480 324 360 18 138 552 366 342 180 156 516 558 582 216 186 450 402 12 594 528 282 384 600 384 90 570 72 498 588 264 468 180 294
3290 1540 770 1225 1085 2765 595 350 1260 2695 2695 805 2275 2520 595 2835 210 1225 1365 2310 2730 385 2520 1785 1365 2730 1085 700 2555 2450 1575 2310 455 630 3500 1505 3395 560 140 1120 1540 2800 1890 2100 105 805 3220 2135 1995 1050 910 3010 3255 3395 1260 1085 2625 2345 70 3465 3080 1645 2240 3500 2240 525 3325 420 2905 3430 1540 2730 1050 1715
3666 1716 858 1365 1209 3081 663 390 1404 3003 3003 897 2535 2808 663 3159 234 1365 1521 2574 3042 429 2808 1989 1521 3042 1209 780 2847 2730 1755 2574 507 702 3900 1677 3783 624 156 1248 1716 3120 2106 2340 117 897 3588 2379 2223 1170 1014 3354 3627 3783 1404 1209 2925 2613 78 3861 3432 1833 2496 3900 2496 585 3705 468 3237 3822 1716 3042 1170 1911
6204 2904 1452 2310 2046 5214 1122 660 2376 5082 5082 1518 4290 4752 1122 5346 396 2310 2574 4356 5148 726 4752 3366 2574 5148 2046 1320 4818 4620 2970 4356 858 1188 6600 2838 6402 1056 264 2112 2904 5280 3564 3960 198 1518 6072 4026 3762 1980 1716 5676 6138 6402 2376 2046 4950 4422 132 6534 5808 3102 4224 6600 4224 990 6270 792 5478 6468 2904 5148 1980 3234
7332 3432 1716 2730 2418 6162 1326 780 2808 6006 6006 1794 5070 5616 1326 6318 468 2730 3042 5148 6084 858 5616 3978 3042 6084 2418 1560 5694 5460 3510 5148 1014 1404 7800 3354 7566 1248 312 2496 3432 6240 4212 4680 234 1794 7176 4758 4446 2340 2028 6708 7254 7566 2808 2418 5850 5226 156 7722 6864 3666 4992 7800 4992 1170 7410 936 6474 7644 3432 6084 2340 3822
1034 484 242 385 341 869 187 110 396 847 847 253 715 792 187 891 66 385 429 726 858 121 792 561 429 858 341 220 803 770 495 726 143 198 1100 473 1067 176 44 352 484 880 594 660 33 253 1012 671 627 330 286 946 1023 1067 396 341 825 737 22 1089 968 517 704 1100 704 165 1045 132 913 1078 484 858 330 539
6768 3168 1584 2520 2232 5688 1224 720 2592 5544 5544 1656 4680 5184 1224 5832 432 2520 2808 4752 5616 792 5184 3672 2808 5616 2232 1440 5256 5040 3240 4752 936 1296 7200 3096 6984 1152 288 2304 3168 5760 3888 4320 216 1656 6624 4392 4104 2160 1872 6192 6696 6984 2592 2232 5400 4824 144 7128 6336 3384 4608 7200 4608 1080 6840 864 5976 7056 3168 5616 2160 3528
4794 2244 1122 1785 1581 4029 867 510 1836 3927 3927 1173 3315 3672 867 4131 306 1785 1989 3366 3978 561 3672 2601 1989 3978 1581 1020 3723 3570 2295 3366 663 918 5100 2193 4947 816 204 1632 2244 4080 2754 3060 153 1173 4692 3111 2907 1530 1326 4386 4743 4947 1836 1581 3825 3417 102 5049 4488 2397 3264 5100 3264 765 4845 612 4233 4998 2244 3978 1530 2499
3666 1716 858 1365 1209 3081 663 390 1404 3003 3003 897 2535 2808 663 3159 234 1365 1521 2574 3042 429 2808 1989 1521 3042 1209 780 2847 2730 1755 2574 507 702 3900 1677 3783 624 156 1248 1716 3120 2106 2340 117 897 3588 2379 2223 1170 1014 3354 3627 3783 1404 1209 2925 2613 78 3861 3432 1833 2496 3900 2496 585 3705 468 3237 3822 1716 3042 1170 1911
7332 3432 1716 2730 2418 6162 1326 780 2808 6006 6006 1794 5070 5616 1326 6318 468 2730 3042 5148 6084 858 5616 3978 3042 6084 2418 1560 5694 5460 3510 5148 1014 1404 7800 3354 7566 1248 312 2496 3432 6240 4212 4680 234 1794 7176 4758 4446 2340 2028 6708 7254 7566 2808 2418 5850 5226 156 7722 6864 3666 4992 7800 4992 1170 7410 936 6474 7644 3432 6084 2340 3822
2914 1364 682 1085 961 2449 527 310 1116 2387 2387 713 2015 2232 527 2511 186 1085 1209 2046 2418 341 2232 1581 1209 2418 961 620 2263 2170 1395 2046 403 558 3100 1333 3007 496 124 992 1364 2480 1674 1860 93 713 2852 1891 1767 930 806 2666 2883 3007 1116 961 2325 2077 62 3069 2728 1457 1984 3100 1984 465 2945 372 2573 3038 1364 2418 930 1519
1880 880 440 700 620 1580 340 200 720 1540 1540 460 1300 1440 340 1620 120 700 780 1320 1560 220 1440 1020 780 1560 620 400 1460 1400 900 1320 260 360 2000 860 1940 320 80 640 880 1600 1080 1200 60 460 1840 1220 1140 600 520 1720 1860 1940 720 620 1500 1340 40 1980 1760 940 1280 2000 1280 300 1900 240 1660 1960 880 1560 600 980
6862 3212 1606 2555 2263 5767 1241 730 2628 5621 5621 1679 4745 5256 1241 5913 438 2555 2847 4818 5694 803 5256 3723 2847 5694 2263 1460 5329 5110 3285 4818 949 1314 7300 3139 7081 1168 292 2336 3212 5840 3942 4380 219 1679 6716 4453 4161 2190 1898 6278 6789 7081 2628 2263 5475 4891 146 7227 6424 3431 4672 7300 4672 1095 6935 876 6059 7154 3212 5694 2190 3577
6580 3080 1540 2450 2170 5530 1190 700 2520 5390 5390 1610 4550 5040 1190 5670 420 2450 2730 4620 5460 770 5040 3570 2730 5460 2170 1400 5110 4900 3150 4620 910 1260 7000 3010 6790 1120 280 2240 3080 5600 3780 4200 210 1610 6440 4270 3990 2100 1820 6020 6510 6790 2520 2170 5250 4690 140 6930 6160 3290 4480 7000 4480 1050 6650 840 5810 6860 3080 5460 2100 3430
4230 1980 990 1575 1395 3555 765 450 1620 3465 3465 1035 2925 3240 765 3645 270 1575 1755 2970 3510 495 3240 2295 1755 3510 1395 900 3285 3150 2025 2970 585 810 4500 1935 4365 720 180 1440 1980 3600 2430 2700 135 1035 4140 2745 2565 1350 1170 3870 4185 4365 1620 1395 3375 3015 90 4455 3960 2115 2880 4500 2880 675 4275 540 3735 4410 1980 3510 1350 2205
6204 2904 1452 2310 2046 5214 1122 660 2376 5082 5082 1518 4290 4752 1122 5346 396 2310 2574 4356 5148 726 4752 3366 2574 5148 2046 1320 4818 4620 2970 4356 858 1188 6600 2838 6402 1056 264 2112 2904 5280 3564 3960 198 1518 6072 4026 3762 1980 1716 5676 6138 6402 2376 2046 4950 4422 132 6534 5808 3102 4224 6600 4224 990 6270 792 5478 6468 2904 5148 1980 3234
1222 572 286 455 403 1027 221 130 468 1001 1001 299 845 936 221 1053 78 455 507 858 1014 143 936 663 507 1014 403 260 949 910 585 858 169 234 1300 559 1261 208 52 416 572 1040 702 780 39 299 1196 793 741 390 338 1118 1209 1261 468 403 975 871 26 1287 1144 611 832 1300 832 195 1235 156 1079 1274 572 1014 390 637
1692 792 396 630 558 1422 306 180 648 1386 1386 414 1170 1296 306 1458 108 630 702 1188 1404 198 1296 918 702 1404 558 360 1314 1260 810 1188 234 324 1800 774 1746 288 72 576 792 1440 972 1080 54 414 1656 1098 1026 540 468 1548 1674 1746 648 558 1350 1206 36 1782 1584 846 1152 1800 1152 270 1710 216 1494 1764 792 1404 540 882
9400 4400 2200 3500 3100 7900 1700 1000 3600 7700 7700 2300 6500 7200 1700 8100 600 3500 3900 6600 7800 1100 7200 5100 3900 7800 3100 2000 7300 7000 4500 6600 1300 1800 10000 4300 9700 1600 400 3200 4400 8000 5400 6000 300 2300 9200 6100 5700 3000 2600 8600 9300 9700 3600 3100 7500 6700 200 9900 8800 4700 6400 10000 6400 1500 9500 1200 8300 9800 4400 7800 3000 4900
4042 1892 946 1505 1333 3397 731 430 1548 3311 3311 989 2795 3096 731 3483 258 1505 1677 2838 3354 473 3096 2193 1677 3354 1333 860 3139 3010 1935 2838 559 774 4300 1849 4171 688 172 1376 1892 3440 2322 2580 129 989 3956 2623 2451 1290 1118 3698 3999 4171 1548 1333 3225 2881 86 4257 3784 2021 2752 4300 2752 645 4085 516 3569 4214 1892 3354 1290 2107
9118 4268 2134 3395 3007 7663 1649 970 3492 7469 7469 2231 6305 6984 1649 7857 582 3395 3783 6402 7566 1067 6984 4947 3783 7566 3007 1940 7081 6790 4365 6402 1261 1746 9700 4171 9409 1552 388 3104 4268 7760 5238 5820 291 2231 8924 5917 5529 2910 2522 8342 9021 9409 3492 3007 7275 6499 194 9603 8536 4559 6208 9700 6208 1455 9215 1164 8051 9506 4268 7566 2910 4753
1504 704 352 560 496 1264 272 160 576 1232 1232 368 1040 1152 272 1296 96 560 624 1056 1248 176 1152 816 624 1248 496 320 1168 1120 720 1056 208 288 1600 688 1552 256 64 512 704 1280 864 960 48 368 1472 976 912 480 416 1376 1488 1552 576 496 1200 1072 32 1584 1408 752 1024 1600 1024 240 1520 192 1328 1568 704 1248 480 784
376 176 88 140 124 316 68 40 144 308 308 92 260 288 68 324 24 140 156 264 312 44 288 204 156 312 124 80 292 280 180 264 52 72 400 172 388 64 16 128 176 320 216 240 12 92 368 244 228 120 104 344 372 388 144 124 300 268 8 396 352 188 256 400 256 60 380 48 332 392 176 312 120 196
3008 1408 704 1120 992 2528 544 320 1152 2464 2464 736 2080 2304 544 2592 192 1120 1248 2112 2496 352 2304 1632 1248 2496 992 640 2336 2240 1440 2112 416 576 3200 1376 3104 512 128 1024 1408 2560 1728 1920 96 736 2944 1952 1824 960 832 2752 2976 3104 1152 992 2400 2144 64 3168 2816 1504 2048 3200 2048 480 3040 384 2656 3136 1408 2496 960 1568
4136 1936 968 1540 1364 3476 748 440 1584 3388 3388 1012 2860 3168 748 3564 264 1540 1716 2904 3432 484 3168 2244 1716 3432 1364 880 3212 3080 1980 2904 572 792 4400 1892 4268 704 176 1408 1936 3520 2376 2640 132 1012 4048 2684 2508 1320 1144 3784 4092 4268 1584 1364 3300 2948 88 4356 3872 2068 2816 4400 2816 660 4180 528 3652 4312 1936 3432 1320 2156
7520 3520 1760 2800 2480 6320 1360 800 2880 6160 6160 1840 5200 5760 1360 6480 480 2800 3120 5280 6240 880 5760 4080 3120 6240 2480 1600 5840 5600 3600 5280 1040 1440 8000 3440 7760 1280 320 2560 3520 6400 4320 4800 240 1840 7360 4880 4560 2400 2080 6880 7440 7760 2880 2480 6000 5360 160 7920 7040 3760 5120 8000 5120 1200 7600 960 6640 7840 3520 6240 2400 3920
5076 2376 1188 1890 1674 4266 918 540 1944 4158 4158 1242 3510 3888 918 4374 324 1890 2106 3564 4212 594 3888 2754 2106 4212 1674 1080 3942 3780 2430 3564 702 972 5400 2322 5238 864 216 1728 2376 4320 2916 3240 162 1242 4968 3294 3078 1620 1404 4644 5022 5238 1944 1674 4050 3618 108 5346 4752 2538 3456 5400 3456 810 5130 648 4482 5292 2376 4212 1620 2646
5640 2640 1320 2100 1860 4740 1020 600 2160 4620 4620 1380 3900 4320 1020 4860 360 2100 2340 3960 4680 660 4320 3060 2340 4680 1860 1200 4380 4200 2700 3960 780 1080 6000 2580 5820 960 240 1920 2640 4800 3240 3600 180 1380 5520 3660 3420 1800 1560 5160 5580 5820 2160 1860 4500 4020 120 5940 5280 2820 3840 6000 3840 900 5700 720 4980 5880 2640 4680 1800 2940
282 132 66 105 93 237 51 30 108 231 231 69 195 216 51 243 18 105 117 198 234 33 216 153 117 234 93 60 219 210 135 198 39 54 300 129 291 48 12 96 132 240 162 180 9 69 276 183 171 90 78 258 279 291 108 93 225 201 6 297 264 141 192 300 192 45 285 36 249 294 132 234 90 147
2162 1012 506 805 713 1817 391 230 828 1771 1771 529 1495 1656 391 1863 138 805 897 1518 1794 253 1656 1173 897 1794 713 460 1679 1610 1035 1518 299 414 2300 989 2231 368 92 736 1012 1840 1242 1380 69 529 2116 1403 1311 690 598 1978 2139 2231 828 713 1725 1541 46 2277 2024 1081 1472 2300 1472 345 2185 276 1909 2254 1012 1794 690 1127
8648 4048 2024 3220 2852 7268 1564 920 3312 7084 7084 2116 5980 6624 1564 7452 552 3220 3588 6072 7176 1012 6624 4692 3588 7176 2852 1840 6716 6440 4140 6072 1196 1656 9200 3956 8924 1472 368 2944 4048 7360 4968 5520 276 2116 8464 5612 5244 2760 2392 7912 8556 8924 3312 2852 6900 6164 184 9108 8096 4324 5888 9200 5888 1380 8740 1104 7636 9016 4048 7176 2760 4508
5734 2684 1342 2135 1891 4819 1037 610 2196 4697 4697 1403 3965 4392 1037 4941 366 2135 2379 4026 4758 671 4392 3111 2379 4758 1891 1220 4453 4270 2745 4026 793 1098 6100 2623 5917 976 244 1952 2684 4880 3294 3660 183 1403 5612 3721 3477 1830 1586 5246 5673 5917 2196 1891 4575 4087 122 6039 5368 2867 3904 6100 3904 915 5795 732 5063 5978 2684 4758 1830 2989
5358 2508 1254 1995 1767 4503 969 570 2052 4389 4389 1311 3705 4104 969 4617 342 1995 2223 3762 4446 627 4104 2907 2223 4446 1767 1140 4161 3990 2565 3762 741 1026 5700 2451 5529 912 228 1824 2508 4560 3078 3420 171 1311 5244 3477 3249 1710 1482 4902 5301 5529 2052 1767 4275 3819 114 5643 5016 2679 3648 5700 3648 855 5415 684 4731 5586 2508 4446 1710 2793
2820 1320 660 1050 930 2370 510 300 1080 2310 2310 690 1950 2160 510 2430 180 1050 1170 1980 2340 330 2160 1530 1170 2340 930 600 2190 2100 1350 1980 390 540 3000 1290 2910 480 120 960 1320 2400 1620 1800 90 690 2760 1830 1710 900 780 2580 2790 2910 1080 930 2250 2010 60 2970 2640 1410 1920 3000 1920 450 2850 360 2490 2940 1320 2340 900 1470
2444 1144 572 910 806 2054 442 260 936 2002 2002 598 1690 1872 442 2106 156 910 1014 1716 2028 286 1872 1326 1014 2028 806 520 1898 1820 1170 1716 338 468 2600 1118 2522 416 104 832 1144 2080 1404 1560 78 598 2392 1586 1482 780 676 2236 2418 2522 936 806 1950 1742 52 2574 2288 1222 1664 2600 1664 390 2470 312 2158 2548 1144 2028 780 1274
8084 3784 1892 3010 2666 6794 1462 860 3096 6622 6622 1978 5590 6192 1462 6966 516 3010 3354 5676 6708 946 6192 4386 3354 6708 2666 1720 6278 6020 3870 5676 1118 1548 8600 3698 8342 1376 344 2752 3784 6880 4644 5160 258 1978 7912 5246 4902 2580 2236 7396 7998 8342 3096 2666 6450 5762 172 8514 7568 4042 5504 8600 5504 1290 8170 1032 7138 8428 3784 6708 2580 4214
8742 4092 2046 3255 2883 7347 1581 930 3348 7161 7161 2139 6045 6696 1581 7533 558 3255 3627 6138 7254 1023 6696 4743 3627 7254 2883 1860 6789 6510 4185 6138 1209 1674 9300 3999 9021 1488 372 2976 4092 7440 5022 5580 279 2139 8556 5673 5301 2790 2418 7998 8649 9021 3348 2883 6975 6231 186 9207 8184 4371 5952 9300 5952 1395 8835 1116 7719 9114 4092 7254 2790 4557
9118 4268 2134 3395 3007 7663 1649 970 3492 7469 7469 2231 6305 6984 1649 7857 582 3395 3783 6402 7566 1067 6984 4947 3783 7566 3007 1940 7081 6790 4365 6402 1261 1746 9700 4171 9409 1552 388 3104 4268 7760 5238 5820 291 2231 8924 5917 5529 2910 2522 8342 9021 9409 3492 3007 7275 6499 194 9603 8536 4559 6208 9700 6208 1455 9215 1164 8051 9506 4268 7566 2910 4753
3384 1584 792 1260 1116 2844 612 360 1296 2772 2772 828 2340 2592 612 2916 216 1260 1404 2376 2808 396 2592 1836 1404 2808 1116 720 2628 2520 1620 2376 468 648 3600 1548 3492 576 144 1152 1584 2880 1944 2160 108 828 3312 2196 2052 1080 936 3096 3348 3492 1296 1116 2700 2412 72 3564 3168 1692 2304 3600 2304 540 3420 432 2988 3528 1584 2808 1080 1764
2914 1364 682 1085 961 2449 527 310 1116 2387 2387 713 2015 2232 527 2511 186 1085 1209 2046 2418 341 2232 1581 1209 2418 961 620 2263 2170 1395 2046 403 558 3100 1333 3007 496 124 992 1364 2480 1674 1860 93 713 2852 1891 1767 930 806 2666 2883 3007 1116 961 2325 2077 62 3069 2728 1457 1984 3100 1984 465 2945 372 2573 3038 1364 2418 930 1519
7050 3300 1650 2625 2325 5925 1275 750 2700 5775 5775 1725 4875 5400 1275 6075 450 2625 2925 4950 5850 825 5400 3825 2925 5850 2325 1500 5475 5250 3375 4950 975 1350 7500 3225 7275 1200 300 2400 3300 6000 4050 4500 225 1725 6900 4575 4275 2250 1950 6450 6975 7275 2700 2325 5625 5025 150 7425 6600 3525 4800 7500 4800 1125 7125 900 6225 7350 3300 5850 2250 3675
6298 2948 1474 2345 2077 5293 1139 670 2412 5159 5159 1541 4355 4824 1139 5427 402 2345 2613 4422 5226 737 4824 3417 2613 5226 2077 1340 4891 4690 3015 4422 871 1206 6700 2881 6499 1072 268 2144 2948 5360 3618 4020 201 1541 6164 4087 3819 2010 1742 5762 6231 6499 2412 2077 5025 4489 134 6633 5896 3149 4288 6700 4288 1005 6365 804 5561 6566 2948 5226 2010 3283
188 88 44 70 62 158 34 20 72 154 154 46 130 144 34 162 12 70 78 132 156 22 144 102 78 156 62 40 146 140 90 132 26 36 200 86 194 32 8 64 88 160 108 120 6 46 184 122 114 60 52 172 186 194 72 62 150 134 4 198 176 94 128 200 128 30 190 24 166 196 88 156 60 98
9306 4356 2178 3465 3069 7821 1683 990 3564 7623 7623 2277 6435 7128 1683 8019 594 3465 3861 6534 7722 1089 7128 5049 3861 7722 3069 1980 7227 6930 4455 6534 1287 1782 9900 4257 9603 1584 396 3168 4356 7920 5346 5940 297 2277 9108 6039 5643 2970 2574 8514 9207 9603 3564 3069 7425 6633 198 9801 8712 4653 6336 9900 6336 1485 9405 1188 8217 9702 4356 7722 2970 4851
8272 3872 1936 3080 2728 6952 1496 880 3168 6776 6776 2024 5720 6336 1496 7128 528 3080 3432 5808 6864 968 6336 4488 3432 6864 2728 1760 6424 6160 3960 5808 1144 1584 8800 3784 8536 1408 352 2816 3872 7040 4752 5280 264 2024 8096 5368 5016 2640 2288 7568 8184 8536 3168 2728 6600 5896 176 8712 7744 4136 5632 8800 5632 1320 8360 1056 7304 8624 3872 6864 2640 4312
4418 2068 1034 1645 1457 3713 799 470 1692 3619 3619 1081 3055 3384 799 3807 282 1645 1833 3102 3666 517 3384 2397 1833 3666 1457 940 3431 3290 2115 3102 611 846 4700 2021 4559 752 188 1504 2068 3760 2538 2820 141 1081 4324 2867 2679 1410 1222 4042 4371 4559 1692 1457 3525 3149 94 4653 4136 2209 3008 4700 3008 705 4465 564 3901 4606 2068 3666 1410 2303
6016 2816 1408 2240 1984 5056 1088 640 2304 4928 4928 1472 4160 4608 1088 5184 384 2240 2496 4224 4992 704 4608 3264 2496 4992 1984 1280 4672 4480 2880 4224 832 1152 6400 2752 6208 1024 256 2048 2816 5120 3456 3840 192 1472 5888 3904 3648 1920 1664 5504 5952 6208 2304 1984 4800 4288 128 6336 5632 3008 4096 6400 4096 960 6080 768 5312 6272 2816 4992 1920 3136
9400 4400 2200 3500 3100 7900 1700 1000 3600 7700 7700 2300 6500 7200 1700 8100 600 3500 3900 6600 7800 1100 7200 5100 3900 7800 3100 2000 7300 7000 4500 6600 1300 1800 10000 4300 9700 1600 400 3200 4400 8000 5400 6000 300 2300 9200 6100 5700 3000 2600 8600 9300 9700 3600 3100 7500 6700 200 9900 8800 4700 6400 10000 6400 1500 9500 1200 8300 9800 4400 7800 3000 4900
6016 2816 1408 2240 1984 5056 1088 640 2304 4928 4928 1472 4160 4608 1088 5184 384 2240 2496 4224 4992 704 4608 3264 2496 4992 1984 1280 4672 4480 2880 4224 832 1152 6400 2752 6208 1024 256 2048 2816 5120 3456 3840 192 1472 5888 3904 3648 1920 1664 5504 5952 6208 2304 1984 4800 4288 128 6336 5632 3008 4096 6400 4096 960 6080 768 5312 6272 2816 4992 1920 3136
1410 660 330 525 465 1185 255 150 540 1155 1155 345 975 1080 255 1215 90 525 585 990 1170 165 1080 765 585 1170 465 300 1095 1050 675 990 195 270 1500 645 1455 240 60 480 660 1200 810 900 45 345 1380 915 855 450 390 1290 1395 1455 540 465 1125 1005 30 1485 1320 705 960 1500 960 225 1425 180 1245 1470 660 1170 450 735
8930 4180 2090 3325 2945 7505 1615 950 3420 7315 7315 2185 6175 6840 1615 7695 570 3325 3705 6270 7410 1045 6840 4845 3705 7410 2945 1900 6935 6650 4275 6270 1235 1710 9500 4085 9215 1520 380 3040 4180 7600 5130 5700 285 2185 8740 5795 5415 2850 2470 8170 8835 9215 3420 2945 7125 6365 190 9405 8360 4465 6080 9500 6080 1425 9025 1140 7885 9310 4180 7410 2850 4655
1128 528 264 420 372 948 204 120 432 924 924 276 780 864 204 972 72 420 468 792 936 132 864 612 468 936 372 240 876 840 540 792 156 216 1200 516 1164 192 48 384 528 960 648 720 36 276 1104 732 684 360 312 1032 1116 1164 432 372 900 804 24 1188 1056 564 768 1200 768 180 1140 144 996 1176 528 936 360 588
7802 3652 1826 2905 2573 6557 1411 830 2988 6391 6391 1909 5395 5976 1411 6723 498 2905 3237 5478 6474 913 5976 4233 3237 6474 2573 1660 6059 5810 3735 5478 1079 1494 8300 3569 8051 1328 332 2656 3652 6640 4482 4980 249 1909 7636 5063 4731 2490 2158 7138 7719 8051 2988 2573 6225 5561 166 8217 7304 3901 5312 8300 5312 1245 7885 996 6889 8134 3652 6474 2490 4067
9212 4312 2156 3430 3038 7742 1666 980 3528 7546 7546 2254 6370 7056 1666 7938 588 3430 3822 6468 7644 1078 7056 4998 3822 7644 3038 1960 7154 6860 4410 6468 1274 1764 9800 4214 9506 1568 392 3136 4312 7840 5292 5880 294 2254 9016 5978 5586 2940 2548 8428 9114 9506 3528 3038 7350 6566 196 9702 8624 4606 6272 9800 6272 1470 9310 1176 8134 9604 4312 7644 2940 4802
4136 1936 968 1540 1364 3476 748 440 1584 3388 3388 1012 2860 3168 748 3564 264 1540 1716 2904 3432 484 3168 2244 1716 3432 1364 880 3212 3080 1980 2904 572 792 4400 1892 4268 704 176 1408 1936 3520 2376 2640 132 1012 4048 2684 2508 1320 1144 3784 4092 4268 1584 1364 3300 2948 88 4356 3872 2068 2816 4400 2816 660 4180 528 3652 4312 1936 3432 1320 2156
7332 3432 1716 2730 2418 6162 1326 780 2808 6006 6006 1794 5070 5616 1326 6318 468 2730 3042 5148 6084 858 5616 3978 3042 6084 2418 1560 5694 5460 3510 5148 1014 1404 7800 3354 7566 1248 312 2496 3432 6240 4212 4680 234 1794 7176 4758 4446 2340 2028 6708 7254 7566 2808 2418 5850 5226 156 7722 6864 3666 4992 7800 4992 1170 7410 936 6474 7644 3432 6084 2340 3822
2820 1320 660 1050 930 2370 510 300 1080 2310 2310 690 1950 2160 510 2430 180 1050 1170 1980 2340 330 2160 1530 1170 2340 930 600 2190 2100 1350 1980 390 540 3000 1290 2910 480 120 960 1320 2400 1620 1800 90 690 2760 1830 1710 900 780 2580 2790 2910 1080 930 2250 2010 60 2970 2640 1410 1920 3000 1920 450 2850 360 2490 2940 1320 2340 900 1470
4606 2156 1078 1715 1519 3871 833 490 1764 3773 3773 1127 3185 3528 833 3969 294 1715 1911 3234 3822 539 3528 2499 1911 3822 1519 980 3577 3430 2205 3234 637 882 4900 2107 4753 784 196 1568 2156 3920 2646 2940 147 1127 4508 2989 2793 1470 1274 4214 4557 4753 1764 1519 3675 3283 98 4851 4312 2303 3136 4900 3136 735 4655 588 4067 4802 2156 3822 1470 2401
