218
228484 294448 293014 416816 428288 412514 296360 316914 215578 262422 61184 459836 140532 59750 48278 164910 141010 249994 219402 358500 385746 146268 35372 208886 237088 269114 6692 54492 393872 390048 326952 144356 374274 309744 250950 14340 244258 68832 21032 149614 21032 249994 299706 329342 309744 347506 15774 140532 119500 235176 188810 195024 380966 224182 403432 308310 183074 409646 52580 98946 11472 69310 411080 76002 379054 183552 258120 313090 420640 279152 462226 441194 50668 283454 292536 50190 321216 476088 358500 440238 401042 69310 156784 304008 293014 249994 302096 475610 181640 44454 264334 360890 113764 196936 436414 14340 380488 384790 326952 322650 185464 956 453622 403910 452666 267680 454100 295404 434024 334122 257164 356588 93210 103726 350374 76002 353242 342248 73612 224660 386702 27724 107550 21988 224660 233742 204106 126670 140054 220836 139098 15296 221314 114242 419206 363758 72178 85084 180684 27724 418728 437370 74090 202194 230874 424464 277718 106116 288234 41108 330298 364714 68832 127626 386224 293014 361368 280108 109462 191200 22466 416338 206496 412036 52102 147224 297316 292058 231830 478000 319304 340336 127148 83650 64052 358022 29636 32026 463660 7648 72656 5736 372362 141010 133362 448364 123802 184508 418728 401042 375230 440716 338902 103248 64530 81260 418250 361846 372840 339858 51624 382400 202194 346550 465572 434024 394350 184986 465572 69788 192156 228484 75524 254296 369016 208408 392916 183074
294448 379456 377608 537152 551936 531608 381920 408408 277816 338184 78848 592592 181104 77000 62216 212520 181720 322168 282744 462000 497112 188496 45584 269192 305536 346808 8624 70224 507584 502656 421344 186032 482328 399168 323400 18480 314776 88704 27104 192808 27104 322168 386232 424424 399168 447832 20328 181104 154000 303072 243320 251328 490952 288904 519904 397320 235928 527912 67760 127512 14784 89320 529760 97944 488488 236544 332640 403480 542080 359744 595672 568568 65296 365288 376992 64680 413952 613536 462000 567336 516824 89320 202048 391776 377608 322168 389312 612920 234080 57288 340648 465080 146608 253792 562408 18480 490336 495880 421344 415800 239008 1232 584584 520520 583352 344960 585200 380688 559328 430584 331408 459536 120120 133672 451528 97944 455224 441056 94864 289520 498344 35728 138600 28336 289520 301224 263032 163240 180488 284592 179256 19712 285208 147224 540232 468776 93016 109648 232848 35728 539616 563640 95480 260568 297528 547008 357896 136752 371448 52976 425656 470008 88704 164472 497728 377608 465696 360976 141064 246400 28952 536536 266112 530992 67144 189728 383152 376376 298760 616000 411488 438592 163856 107800 82544 461384 38192 41272 597520 9856 93632 7392 479864 181720 171864 577808 159544 237776 539616 516824 483560 567952 436744 133056 83160 104720 539000 466312 480480 437976 66528 492800 260568 446600 599984 559328 508200 238392 599984 89936 247632 294448 97328 327712 475552 268576 506352 235928
293014 377608 375769 534536 549248 529019 380060 406419 276463 336537 78464 589706 180222 76625 61913 211485 180835 320599 281367 459750 494691 187578 45362 267881 304048 345119 8582 69882 505112 500208 419292 185126 479979 397224 321825 18390 313243 88272 26972 191869 26972 320599 384351 422357 397224 445651 20229 180222 153250 301596 242135 250104 488561 287497 517372 395385 234779 525341 67430 126891 14712 88885 527180 97467 486109 235392 331020 401515 539440 357992 592771 565799 64978 363509 375156 64365 411936 610548 459750 564573 514307 88885 201064 389868 375769 320599 387416 609935 232940 57009 338989 462815 145894 252556 559669 18390 487948 493465 419292 413775 237844 1226 581737 517985 580511 343280 582350 378834 556604 428487 329794 457298 119535 133021 449329 97467 453007 438908 94402 288110 495917 35554 137925 28198 288110 299757 261751 162445 179609 283206 178383 19616 283819 146507 537601 466493 92563 109114 231714 35554 536988 560895 95015 259299 296079 544344 356153 136086 369639 52718 423583 467719 88272 163671 495304 375769 463428 359218 140377 245200 28811 533923 264816 528406 66817 188804 381286 374543 297305 613000 409484 436456 163058 107275 82142 459137 38006 41071 594610 9808 93176 7356 477527 180835 171027 574994 158767 236618 536988 514307 481205 565186 434617 132408 82755 104210 536375 464041 478140 435843 66204 490400 259299 444425 597062 556604 505725 237231 597062 89498 246426 293014 96854 326116 473236 267268 503886 234779
416816 537152 534536 760384 781312 752536 540640 578136 393272 478728 111616 838864 256368 109000 88072 300840 257240 456056 400248 654000 703704 266832 64528 381064 432512 490936 12208 99408 718528 711552 596448 263344 682776 565056 457800 26160 445592 125568 38368 272936 38368 456056 546744 600808 565056 633944 28776 256368 218000 429024 344440 355776 694984 408968 735968 562440 333976 747304 95920 180504 20928 126440 749920 138648 691496 334848 470880 571160 767360 509248 843224 804856 92432 517096 533664 91560 585984 868512 654000 803112 731608 126440 286016 554592 534536 456056 551104 867640 331360 81096 482216 658360 207536 359264 796136 26160 694112 701960 596448 588600 338336 1744 827528 736840 825784 488320 828400 538896 791776 609528 469136 650512 170040 189224 639176 138648 644408 624352 134288 409840 705448 50576 196200 40112 409840 426408 372344 231080 255496 402864 253752 27904 403736 208408 764744 663592 131672 155216 329616 50576 763872 797880 135160 368856 421176 774336 506632 193584 525816 74992 602552 665336 125568 232824 704576 534536 659232 510992 199688 348800 40984 759512 376704 751664 95048 268576 542384 532792 422920 872000 582496 620864 231952 152600 116848 653128 54064 58424 845840 13952 132544 10464 679288 257240 243288 817936 225848 336592 763872 731608 684520 803984 618248 188352 117720 148240 763000 660104 680160 619992 94176 697600 368856 632200 849328 791776 719400 337464 849328 127312 350544 416816 137776 463904 673184 380192 716784 333976
428288 551936 549248 781312 802816 773248 555520 594048 404096 491904 114688 861952 263424 112000 90496 309120 264320 468608 411264 672000 723072 274176 66304 391552 444416 504448 12544 102144 738304 731136 612864 270592 701568 580608 470400 26880 457856 129024 39424 280448 39424 468608 561792 617344 580608 651392 29568 263424 224000 440832 353920 365568 714112 420224 756224 577920 343168 767872 98560 185472 21504 129920 770560 142464 710528 344064 483840 586880 788480 523264 866432 827008 94976 531328 548352 94080 602112 892416 672000 825216 751744 129920 293888 569856 549248 468608 566272 891520 340480 83328 495488 676480 213248 369152 818048 26880 713216 721280 612864 604800 347648 1792 850304 757120 848512 501760 851200 553728 813568 626304 482048 668416 174720 194432 656768 142464 662144 641536 137984 421120 724864 51968 201600 41216 421120 438144 382592 237440 262528 413952 260736 28672 414848 214144 785792 681856 135296 159488 338688 51968 784896 819840 138880 379008 432768 795648 520576 198912 540288 77056 619136 683648 129024 239232 723968 549248 677376 525056 205184 358400 42112 780416 387072 772352 97664 275968 557312 547456 434560 896000 598528 637952 238336 156800 120064 671104 55552 60032 869120 14336 136192 10752 697984 264320 249984 840448 232064 345856 784896 751744 703360 826112 635264 193536 120960 152320 784000 678272 698880 637056 96768 716800 379008 649600 872704 813568 739200 346752 872704 130816 360192 428288 141568 476672 691712 390656 736512 343168
412514 531608 529019 752536 773248 744769 535060 572169 389213 473787 110464 830206 253722 107875 87163 297735 254585 451349 396117 647250 696441 264078 63862 377131 428048 485869 12082 98382 711112 704208 590292 260626 675729 559224 453075 25890 440993 124272 37972 270119 37972 451349 541101 594607 559224 627401 28479 253722 215750 424596 340885 352104 687811 404747 728372 556635 330529 739591 94930 178641 20712 125135 742180 137217 684359 331392 466020 565265 759440 503992 834521 796549 91478 511759 528156 90615 579936 859548 647250 794823 724057 125135 283064 548868 529019 451349 545416 858685 327940 80259 477239 651565 205394 355556 787919 25890 686948 694715 590292 582525 334844 1726 818987 729235 817261 483280 819850 533334 783604 603237 464294 643798 168285 187271 632579 137217 637757 617908 132902 405610 698167 50054 194175 39698 405610 422007 368501 228695 252859 398706 251133 27616 399569 206257 756851 656743 130313 153614 326214 50054 755988 789645 133765 365049 416829 766344 501403 191586 520389 74218 596333 658469 124272 230421 697304 529019 652428 505718 197627 345200 40561 751673 372816 743906 94067 265804 536786 527293 418555 863000 576484 614456 229558 151025 115642 646387 53506 57821 837110 13808 131176 10356 672277 254585 240777 809494 223517 333118 755988 724057 677455 795686 611867 186408 116505 146710 755125 653291 673140 613593 93204 690400 365049 625675 840562 783604 711975 333981 840562 125998 346926 412514 136354 459116 666236 376268 709386 330529
296360 381920 380060 540640 555520 535060 384400 411060 279620 340380 79360 596440 182280 77500 62620 213900 182900 324260 284580 465000 500340 189720 45880 270940 307520 349060 8680 70680 510880 505920 424080 187240 485460 401760 325500 18600 316820 89280 27280 194060 27280 324260 388740 427180 401760 450740 20460 182280 155000 305040 244900 252960 494140 290780 523280 399900 237460 531340 68200 128340 14880 89900 533200 98580 491660 238080 334800 406100 545600 362080 599540 572260 65720 367660 379440 65100 416640 617520 465000 571020 520180 89900 203360 394320 380060 324260 391840 616900 235600 57660 342860 468100 147560 255440 566060 18600 493520 499100 424080 418500 240560 1240 588380 523900 587140 347200 589000 383160 562960 433380 333560 462520 120900 134540 454460 98580 458180 443920 95480 291400 501580 35960 139500 28520 291400 303180 264740 164300 181660 286440 180420 19840 287060 148180 543740 471820 93620 110360 234360 35960 543120 567300 96100 262260 299460 550560 360220 137640 373860 53320 428420 473060 89280 165540 500960 380060 468720 363320 141980 248000 29140 540020 267840 534440 67580 190960 385640 378820 300700 620000 414160 441440 164920 108500 83080 464380 38440 41540 601400 9920 94240 7440 482980 182900 172980 581560 160580 239320 543120 520180 486700 571640 439580 133920 83700 105400 542500 469340 483600 440820 66960 496000 262260 449500 603880 562960 511500 239940 603880 90520 249240 296360 97960 329840 478640 270320 509640 237460
316914 408408 406419 578136 594048 572169 411060 439569 299013 363987 84864 637806 194922 82875 66963 228735 195585 346749 304317 497250 535041 202878 49062 289731 328848 373269 9282 75582 546312 541008 453492 200226 519129 429624 348075 19890 338793 95472 29172 207519 29172 346749 415701 456807 429624 482001 21879 194922 165750 326196 261885 270504 528411 310947 559572 427635 253929 568191 72930 137241 15912 96135 570180 105417 525759 254592 358020 434265 583440 387192 641121 611949 70278 393159 405756 69615 445536 660348 497250 610623 556257 96135 217464 421668 406419 346749 419016 659685 251940 61659 366639 500565 157794 273156 605319 19890 527748 533715 453492 447525 257244 1326 629187 560235 627861 371280 629850 409734 602004 463437 356694 494598 129285 143871 485979 105417 489957 474708 102102 311610 536367 38454 149175 30498 311610 324207 283101 175695 194259 306306 192933 21216 306969 158457 581451 504543 100113 118014 250614 38454 580788 606645 102765 280449 320229 588744 385203 147186 399789 57018 458133 505869 95472 177021 535704 406419 501228 388518 151827 265200 31161 577473 286416 571506 72267 204204 412386 405093 321555 663000 442884 472056 176358 116025 88842 496587 41106 44421 643110 10608 100776 7956 516477 195585 184977 621894 171717 255918 580788 556257 520455 611286 470067 143208 89505 112710 580125 501891 517140 471393 71604 530400 280449 480675 645762 602004 546975 256581 645762 96798 266526 316914 104754 352716 511836 289068 544986 253929
215578 277816 276463 393272 404096 389213 279620 299013 203401 247599 57728 433862 132594 56375 45551 155595 133045 235873 207009 338250 363957 138006 33374 197087 223696 253913 6314 51414 371624 368016 308484 136202 353133 292248 236775 13530 230461 64944 19844 141163 19844 235873 282777 310739 292248 327877 14883 132594 112750 221892 178145 184008 359447 211519 380644 290895 172733 386507 49610 93357 10824 65395 387860 71709 357643 173184 243540 295405 396880 263384 436117 416273 47806 267443 276012 47355 303072 449196 338250 415371 378389 65395 147928 286836 276463 235873 285032 448745 171380 41943 249403 340505 107338 185812 411763 13530 358996 363055 308484 304425 174988 902 427999 381095 427097 252560 428450 278718 409508 315249 242638 336446 87945 97867 330583 71709 333289 322916 69454 211970 364859 26158 101475 20746 211970 220539 192577 119515 132143 208362 131241 14432 208813 107789 395527 343211 68101 80278 170478 26158 395076 412665 69905 190773 217833 400488 262031 100122 271953 38786 311641 344113 64944 120417 364408 276463 340956 264286 103279 180400 21197 392821 194832 388762 49159 138908 280522 275561 218735 451000 301268 321112 119966 78925 60434 337799 27962 30217 437470 7216 68552 5412 351329 133045 125829 423038 116809 174086 395076 378389 354035 415822 319759 97416 60885 76670 394625 341407 351780 320661 48708 360800 190773 326975 439274 409508 372075 174537 439274 65846 181302 215578 71258 239932 348172 196636 370722 172733
262422 338184 336537 478728 491904 473787 340380 363987 247599 301401 70272 528138 161406 68625 55449 189405 161955 287127 251991 411750 443043 167994 40626 239913 272304 309087 7686 62586 452376 447984 375516 165798 429867 355752 288225 16470 280539 79056 24156 171837 24156 287127 344223 378261 355752 399123 18117 161406 137250 270108 216855 223992 437553 257481 463356 354105 210267 470493 60390 113643 13176 79605 472140 87291 435357 210816 296460 359595 483120 320616 530883 506727 58194 325557 335988 57645 368928 546804 411750 505629 460611 79605 180072 349164 336537 287127 346968 546255 208620 51057 303597 414495 130662 226188 501237 16470 437004 441945 375516 370575 213012 1098 521001 463905 519903 307440 521550 339282 498492 383751 295362 409554 107055 119133 402417 87291 405711 393084 84546 258030 444141 31842 123525 25254 258030 268461 234423 145485 160857 253638 159759 17568 254187 131211 481473 417789 82899 97722 207522 31842 480924 502335 85095 232227 265167 487512 318969 121878 331047 47214 379359 418887 79056 146583 443592 336537 415044 321714 125721 219600 25803 478179 237168 473238 59841 169092 341478 335439 266265 549000 366732 390888 146034 96075 73566 411201 34038 36783 532530 8784 83448 6588 427671 161955 153171 514962 142191 211914 480924 460611 430965 506178 389241 118584 74115 93330 480375 415593 428220 390339 59292 439200 232227 398025 534726 498492 452925 212463 534726 80154 220698 262422 86742 292068 423828 239364 451278 210267
61184 78848 78464 111616 114688 110464 79360 84864 57728 70272 16384 123136 37632 16000 12928 44160 37760 66944 58752 96000 103296 39168 9472 55936 63488 72064 1792 14592 105472 104448 87552 38656 100224 82944 67200 3840 65408 18432 5632 40064 5632 66944 80256 88192 82944 93056 4224 37632 32000 62976 50560 52224 102016 60032 108032 82560 49024 109696 14080 26496 3072 18560 110080 20352 101504 49152 69120 83840 112640 74752 123776 118144 13568 75904 78336 13440 86016 127488 96000 117888 107392 18560 41984 81408 78464 66944 80896 127360 48640 11904 70784 96640 30464 52736 116864 3840 101888 103040 87552 86400 49664 256 121472 108160 121216 71680 121600 79104 116224 89472 68864 95488 24960 27776 93824 20352 94592 91648 19712 60160 103552 7424 28800 5888 60160 62592 54656 33920 37504 59136 37248 4096 59264 30592 112256 97408 19328 22784 48384 7424 112128 117120 19840 54144 61824 113664 74368 28416 77184 11008 88448 97664 18432 34176 103424 78464 96768 75008 29312 51200 6016 111488 55296 110336 13952 39424 79616 78208 62080 128000 85504 91136 34048 22400 17152 95872 7936 8576 124160 2048 19456 1536 99712 37760 35712 120064 33152 49408 112128 107392 100480 118016 90752 27648 17280 21760 112000 96896 99840 91008 13824 102400 54144 92800 124672 116224 105600 49536 124672 18688 51456 61184 20224 68096 98816 55808 105216 49024
459836 592592 589706 838864 861952 830206 596440 637806 433862 528138 123136 925444 282828 120250 97162 331890 283790 503126 441558 721500 776334 294372 71188 420394 477152 541606 13468 109668 792688 784992 658008 290524 753246 623376 505050 28860 491582 138528 42328 301106 42328 503126 603174 662818 623376 699374 31746 282828 240500 473304 379990 392496 766714 451178 811928 620490 368446 824434 105820 199134 23088 139490 827320 152958 762866 369408 519480 630110 846560 561808 930254 887926 101972 570466 588744 101010 646464 958152 721500 886002 807118 139490 315536 611832 589706 503126 607984 957190 365560 89466 531986 726310 228956 396344 878306 28860 765752 774410 658008 649350 373256 1924 912938 812890 911014 538720 913900 594516 873496 672438 517556 717652 187590 208754 705146 152958 710918 688792 148148 452140 778258 55796 216450 44252 452140 470418 410774 254930 281866 444444 279942 30784 445406 229918 843674 732082 145262 171236 363636 55796 842712 880230 149110 406926 464646 854256 558922 213564 580086 82732 664742 734006 138528 256854 777296 589706 727272 563732 220298 384800 45214 837902 415584 829244 104858 296296 598364 587782 466570 962000 642616 684944 255892 168350 128908 720538 59644 64454 933140 15392 146224 11544 749398 283790 268398 902356 249158 371332 842712 807118 755170 886964 682058 207792 129870 163540 841750 728234 750360 683982 103896 769600 406926 697450 936988 873496 793650 372294 936988 140452 386724 459836 151996 511784 742664 419432 790764 368446
140532 181104 180222 256368 263424 253722 182280 194922 132594 161406 37632 282828 86436 36750 29694 101430 86730 153762 134946 220500 237258 89964 21756 128478 145824 165522 4116 33516 242256 239904 201096 88788 230202 190512 154350 8820 150234 42336 12936 92022 12936 153762 184338 202566 190512 213738 9702 86436 73500 144648 116130 119952 234318 137886 248136 189630 112602 251958 32340 60858 7056 42630 252840 46746 233142 112896 158760 192570 258720 171696 284298 271362 31164 174342 179928 30870 197568 292824 220500 270774 246666 42630 96432 186984 180222 153762 185808 292530 111720 27342 162582 221970 69972 121128 268422 8820 234024 236670 201096 198450 114072 588 279006 248430 278418 164640 279300 181692 266952 205506 158172 219324 57330 63798 215502 46746 217266 210504 45276 138180 237846 17052 66150 13524 138180 143766 125538 77910 86142 135828 85554 9408 136122 70266 257838 223734 44394 52332 111132 17052 257544 269010 45570 124362 142002 261072 170814 65268 177282 25284 203154 224322 42336 78498 237552 180222 222264 172284 67326 117600 13818 256074 127008 253428 32046 90552 182868 179634 142590 294000 196392 209328 78204 51450 39396 220206 18228 19698 285180 4704 44688 3528 229026 86730 82026 275772 76146 113484 257544 246666 230790 271068 208446 63504 39690 49980 257250 222558 229320 209034 31752 235200 124362 213150 286356 266952 242550 113778 286356 42924 118188 140532 46452 156408 226968 128184 241668 112602
59750 77000 76625 109000 112000 107875 77500 82875 56375 68625 16000 120250 36750 15625 12625 43125 36875 65375 57375 93750 100875 38250 9250 54625 62000 70375 1750 14250 103000 102000 85500 37750 97875 81000 65625 3750 63875 18000 5500 39125 5500 65375 78375 86125 81000 90875 4125 36750 31250 61500 49375 51000 99625 58625 105500 80625 47875 107125 13750 25875 3000 18125 107500 19875 99125 48000 67500 81875 110000 73000 120875 115375 13250 74125 76500 13125 84000 124500 93750 115125 104875 18125 41000 79500 76625 65375 79000 124375 47500 11625 69125 94375 29750 51500 114125 3750 99500 100625 85500 84375 48500 250 118625 105625 118375 70000 118750 77250 113500 87375 67250 93250 24375 27125 91625 19875 92375 89500 19250 58750 101125 7250 28125 5750 58750 61125 53375 33125 36625 57750 36375 4000 57875 29875 109625 95125 18875 22250 47250 7250 109500 114375 19375 52875 60375 111000 72625 27750 75375 10750 86375 95375 18000 33375 101000 76625 94500 73250 28625 50000 5875 108875 54000 107750 13625 38500 77750 76375 60625 125000 83500 89000 33250 21875 16750 93625 7750 8375 121250 2000 19000 1500 97375 36875 34875 117250 32375 48250 109500 104875 98125 115250 88625 27000 16875 21250 109375 94625 97500 88875 13500 100000 52875 90625 121750 113500 103125 48375 121750 18250 50250 59750 19750 66500 96500 54500 102750 47875
48278 62216 61913 88072 90496 87163 62620 66963 45551 55449 12928 97162 29694 12625 10201 34845 29795 52823 46359 75750 81507 30906 7474 44137 50096 56863 1414 11514 83224 82416 69084 30502 79083 65448 53025 3030 51611 14544 4444 31613 4444 52823 63327 69589 65448 73427 3333 29694 25250 49692 39895 41208 80497 47369 85244 65145 38683 86557 11110 20907 2424 14645 86860 16059 80093 38784 54540 66155 88880 58984 97667 93223 10706 59893 61812 10605 67872 100596 75750 93021 84739 14645 33128 64236 61913 52823 63832 100495 38380 9393 55853 76255 24038 41612 92213 3030 80396 81305 69084 68175 39188 202 95849 85345 95647 56560 95950 62418 91708 70599 54338 75346 19695 21917 74033 16059 74639 72316 15554 47470 81709 5858 22725 4646 47470 49389 43127 26765 29593 46662 29391 3232 46763 24139 88577 76861 15251 17978 38178 5858 88476 92415 15655 42723 48783 89688 58681 22422 60903 8686 69791 77063 14544 26967 81608 61913 76356 59186 23129 40400 4747 87971 43632 87062 11009 31108 62822 61711 48985 101000 67468 71912 26866 17675 13534 75649 6262 6767 97970 1616 15352 1212 78679 29795 28179 94738 26159 38986 88476 84739 79285 93122 71609 21816 13635 17170 88375 76457 78780 71811 10908 80800 42723 73225 98374 91708 83325 39087 98374 14746 40602 48278 15958 53732 77972 44036 83022 38683
164910 212520 211485 300840 309120 297735 213900 228735 155595 189405 44160 331890 101430 43125 34845 119025 101775 180435 158355 258750 278415 105570 25530 150765 171120 194235 4830 39330 284280 281520 235980 104190 270135 223560 181125 10350 176295 49680 15180 107985 15180 180435 216315 237705 223560 250815 11385 101430 86250 169740 136275 140760 274965 161805 291180 222525 132135 295665 37950 71415 8280 50025 296700 54855 273585 132480 186300 225975 303600 201480 333615 318435 36570 204585 211140 36225 231840 343620 258750 317745 289455 50025 113160 219420 211485 180435 218040 343275 131100 32085 190785 260475 82110 142140 314985 10350 274620 277725 235980 232875 133860 690 327405 291525 326715 193200 327750 213210 313260 241155 185610 257370 67275 74865 252885 54855 254955 247020 53130 162150 279105 20010 77625 15870 162150 168705 147315 91425 101085 159390 100395 11040 159735 82455 302565 262545 52095 61410 130410 20010 302220 315675 53475 145935 166635 306360 200445 76590 208035 29670 238395 263235 49680 92115 278760 211485 260820 202170 79005 138000 16215 300495 149040 297390 37605 106260 214590 210795 167325 345000 230460 245640 91770 60375 46230 258405 21390 23115 334650 5520 52440 4140 268755 101775 96255 323610 89355 133170 302220 289455 270825 318090 244605 74520 46575 58650 301875 261165 269100 245295 37260 276000 145935 250125 336030 313260 284625 133515 336030 50370 138690 164910 54510 183540 266340 150420 283590 132135
141010 181720 180835 257240 264320 254585 182900 195585 133045 161955 37760 283790 86730 36875 29795 101775 87025 154285 135405 221250 238065 90270 21830 128915 146320 166085 4130 33630 243080 240720 201780 89090 230985 191160 154875 8850 150745 42480 12980 92335 12980 154285 184965 203255 191160 214465 9735 86730 73750 145140 116525 120360 235115 138355 248980 190275 112985 252815 32450 61065 7080 42775 253700 46905 233935 113280 159300 193225 259600 172280 285265 272285 31270 174935 180540 30975 198240 293820 221250 271695 247505 42775 96760 187620 180835 154285 186440 293525 112100 27435 163135 222725 70210 121540 269335 8850 234820 237475 201780 199125 114460 590 279955 249275 279365 165200 280250 182310 267860 206205 158710 220070 57525 64015 216235 46905 218005 211220 45430 138650 238655 17110 66375 13570 138650 144255 125965 78175 86435 136290 85845 9440 136585 70505 258715 224495 44545 52510 111510 17110 258420 269925 45725 124785 142485 261960 171395 65490 177885 25370 203845 225085 42480 78765 238360 180835 223020 172870 67555 118000 13865 256945 127440 254290 32155 90860 183490 180245 143075 295000 197060 210040 78470 51625 39530 220955 18290 19765 286150 4720 44840 3540 229805 87025 82305 276710 76405 113870 258420 247505 231575 271990 209155 63720 39825 50150 258125 223315 230100 209745 31860 236000 124785 213875 287330 267860 243375 114165 287330 43070 118590 141010 46610 156940 227740 128620 242490 112985
249994 322168 320599 456056 468608 451349 324260 346749 235873 287127 66944 503126 153762 65375 52823 180435 154285 273529 240057 392250 422061 160038 38702 228551 259408 294449 7322 59622 430952 426768 357732 157946 409509 338904 274575 15690 267253 75312 23012 163699 23012 273529 327921 360347 338904 380221 17259 153762 130750 257316 206585 213384 416831 245287 441412 337335 200309 448211 57530 108261 12552 75835 449780 83157 414739 200832 282420 342565 460240 305432 505741 482729 55438 310139 320076 54915 351456 520908 392250 481683 438797 75835 171544 332628 320599 273529 330536 520385 198740 48639 289219 394865 124474 215476 477499 15690 416308 421015 357732 353025 202924 1046 496327 441935 495281 292880 496850 323214 474884 365577 281374 390158 101985 113491 383359 83157 386497 374468 80542 245810 423107 30334 117675 24058 245810 255747 223321 138595 153239 241626 152193 16736 242149 124997 458671 398003 78973 93094 197694 30334 458148 478545 81065 221229 252609 464424 303863 116106 315369 44978 361393 399049 75312 139641 422584 320599 395388 306478 119767 209200 24581 455533 225936 450826 57007 161084 325306 319553 253655 523000 349364 372376 139118 91525 70082 391727 32426 35041 507310 8368 79496 6276 407417 154285 145917 490574 135457 201878 458148 438797 410555 482206 370807 112968 70605 88910 457625 395911 407940 371853 56484 418400 221229 379175 509402 474884 431475 202401 509402 76358 210246 249994 82634 278236 403756 228028 429906 200309
219402 282744 281367 400248 411264 396117 284580 304317 207009 251991 58752 441558 134946 57375 46359 158355 135405 240057 210681 344250 370413 140454 33966 200583 227664 258417 6426 52326 378216 374544 313956 138618 359397 297432 240975 13770 234549 66096 20196 143667 20196 240057 287793 316251 297432 333693 15147 134946 114750 225828 181305 187272 365823 215271 387396 296055 175797 393363 50490 95013 11016 66555 394740 72981 363987 176256 247860 300645 403920 268056 443853 423657 48654 272187 280908 48195 308448 457164 344250 422739 385101 66555 150552 291924 281367 240057 290088 456705 174420 42687 253827 346545 109242 189108 419067 13770 365364 369495 313956 309825 178092 918 435591 387855 434673 257040 436050 283662 416772 320841 246942 342414 89505 99603 336447 72981 339201 328644 70686 215730 371331 26622 103275 21114 215730 224451 195993 121635 134487 212058 133569 14688 212517 109701 402543 349299 69309 81702 173502 26622 402084 419985 71145 194157 221697 407592 266679 101898 276777 39474 317169 350217 66096 122553 370872 281367 347004 268974 105111 183600 21573 399789 198288 395658 50031 141372 285498 280449 222615 459000 306612 326808 122094 80325 61506 343791 28458 30753 445230 7344 69768 5508 357561 135405 128061 430542 118881 177174 402084 385101 360315 423198 325431 99144 61965 78030 401625 347463 358020 326349 49572 367200 194157 332775 447066 416772 378675 177633 447066 67014 184518 219402 72522 244188 354348 200124 377298 175797
358500 462000 459750 654000 672000 647250 465000 497250 338250 411750 96000 721500 220500 93750 75750 258750 221250 392250 344250 562500 605250 229500 55500 327750 372000 422250 10500 85500 618000 612000 513000 226500 587250 486000 393750 22500 383250 108000 33000 234750 33000 392250 470250 516750 486000 545250 24750 220500 187500 369000 296250 306000 597750 351750 633000 483750 287250 642750 82500 155250 18000 108750 645000 119250 594750 288000 405000 491250 660000 438000 725250 692250 79500 444750 459000 78750 504000 747000 562500 690750 629250 108750 246000 477000 459750 392250 474000 746250 285000 69750 414750 566250 178500 309000 684750 22500 597000 603750 513000 506250 291000 1500 711750 633750 710250 420000 712500 463500 681000 524250 403500 559500 146250 162750 549750 119250 554250 537000 115500 352500 606750 43500 168750 34500 352500 366750 320250 198750 219750 346500 218250 24000 347250 179250 657750 570750 113250 133500 283500 43500 657000 686250 116250 317250 362250 666000 435750 166500 452250 64500 518250 572250 108000 200250 606000 459750 567000 439500 171750 300000 35250 653250 324000 646500 81750 231000 466500 458250 363750 750000 501000 534000 199500 131250 100500 561750 46500 50250 727500 12000 114000 9000 584250 221250 209250 703500 194250 289500 657000 629250 588750 691500 531750 162000 101250 127500 656250 567750 585000 533250 81000 600000 317250 543750 730500 681000 618750 290250 730500 109500 301500 358500 118500 399000 579000 327000 616500 287250
385746 497112 494691 703704 723072 696441 500340 535041 363957 443043 103296 776334 237258 100875 81507 278415 238065 422061 370413 605250 651249 246942 59718 352659 400272 454341 11298 91998 664968 658512 551988 243714 631881 522936 423675 24210 412377 116208 35508 252591 35508 422061 505989 556023 522936 586689 26631 237258 201750 397044 318765 329256 643179 378483 681108 520515 309081 691599 88770 167049 19368 117015 694020 128313 639951 309888 435780 528585 710160 471288 780369 744861 85542 478551 493884 84735 542304 803772 605250 743247 677073 117015 264696 513252 494691 422061 510024 802965 306660 75051 446271 609285 192066 332484 736791 24210 642372 649635 551988 544725 313116 1614 765843 681915 764229 451920 766650 498726 732756 564093 434166 602022 157365 175119 591531 128313 596373 577812 124278 379290 652863 46806 181575 37122 379290 394623 344589 213855 236451 372834 234837 25824 373641 192873 707739 614127 121857 143646 305046 46806 706932 738405 125085 341361 389781 716616 468867 179154 486621 69402 557637 615741 116208 215469 652056 494691 610092 472902 184803 322800 37929 702897 348624 695634 87963 248556 501954 493077 391395 807000 539076 574584 214662 141225 108138 604443 50034 54069 782790 12912 122664 9684 628653 238065 225153 756966 209013 311502 706932 677073 633495 744054 572163 174312 108945 137190 706125 610899 629460 573777 87156 645600 341361 585075 786018 732756 665775 312309 786018 117822 324414 385746 127506 429324 623004 351852 663354 309081
146268 188496 187578 266832 274176 264078 189720 202878 138006 167994 39168 294372 89964 38250 30906 105570 90270 160038 140454 229500 246942 93636 22644 133722 151776 172278 4284 34884 252144 249696 209304 92412 239598 198288 160650 9180 156366 44064 13464 95778 13464 160038 191862 210834 198288 222462 10098 89964 76500 150552 120870 124848 243882 143514 258264 197370 117198 262242 33660 63342 7344 44370 263160 48654 242658 117504 165240 200430 269280 178704 295902 282438 32436 181458 187272 32130 205632 304776 229500 281826 256734 44370 100368 194616 187578 160038 193392 304470 116280 28458 169218 231030 72828 126072 279378 9180 243576 246330 209304 206550 118728 612 290394 258570 289782 171360 290700 189108 277848 213894 164628 228276 59670 66402 224298 48654 226134 219096 47124 143820 247554 17748 68850 14076 143820 149634 130662 81090 89658 141372 89046 9792 141678 73134 268362 232866 46206 54468 115668 17748 268056 279990 47430 129438 147798 271728 177786 67932 184518 26316 211446 233478 44064 81702 247248 187578 231336 179316 70074 122400 14382 266526 132192 263772 33354 94248 190332 186966 148410 306000 204408 217872 81396 53550 41004 229194 18972 20502 296820 4896 46512 3672 238374 90270 85374 287028 79254 118116 268056 256734 240210 282132 216954 66096 41310 52020 267750 231642 238680 217566 33048 244800 129438 221850 298044 277848 252450 118422 298044 44676 123012 146268 48348 162792 236232 133416 251532 117198
35372 45584 45362 64528 66304 63862 45880 49062 33374 40626 9472 71188 21756 9250 7474 25530 21830 38702 33966 55500 59718 22644 5476 32338 36704 41662 1036 8436 60976 60384 50616 22348 57942 47952 38850 2220 37814 10656 3256 23162 3256 38702 46398 50986 47952 53798 2442 21756 18500 36408 29230 30192 58978 34706 62456 47730 28342 63418 8140 15318 1776 10730 63640 11766 58682 28416 39960 48470 65120 43216 71558 68302 7844 43882 45288 7770 49728 73704 55500 68154 62086 10730 24272 47064 45362 38702 46768 73630 28120 6882 40922 55870 17612 30488 67562 2220 58904 59570 50616 49950 28712 148 70226 62530 70078 41440 70300 45732 67192 51726 39812 55204 14430 16058 54242 11766 54686 52984 11396 34780 59866 4292 16650 3404 34780 36186 31598 19610 21682 34188 21534 2368 34262 17686 64898 56314 11174 13172 27972 4292 64824 67710 11470 31302 35742 65712 42994 16428 44622 6364 51134 56462 10656 19758 59792 45362 55944 43364 16946 29600 3478 64454 31968 63788 8066 22792 46028 45214 35890 74000 49432 52688 19684 12950 9916 55426 4588 4958 71780 1184 11248 888 57646 21830 20646 69412 19166 28564 64824 62086 58090 68228 52466 15984 9990 12580 64750 56018 57720 52614 7992 59200 31302 53650 72076 67192 61050 28638 72076 10804 29748 35372 11692 39368 57128 32264 60828 28342
208886 269192 267881 381064 391552 377131 270940 289731 197087 239913 55936 420394 128478 54625 44137 150765 128915 228551 200583 327750 352659 133722 32338 190969 216752 246031 6118 49818 360088 356592 298908 131974 342171 283176 229425 13110 223307 62928 19228 136781 19228 228551 273999 301093 283176 317699 14421 128478 109250 215004 172615 178296 348289 204953 368828 281865 167371 374509 48070 90459 10488 63365 375820 69483 346541 167808 235980 286235 384560 255208 422579 403351 46322 259141 267444 45885 293664 435252 327750 402477 366643 63365 143336 277932 267881 228551 276184 434815 166060 40641 241661 329935 104006 180044 398981 13110 347852 351785 298908 294975 169556 874 414713 369265 413839 244720 415150 270066 396796 305463 235106 326002 85215 94829 320321 69483 322943 312892 67298 205390 353533 25346 98325 20102 205390 213693 186599 115805 128041 201894 127167 13984 202331 104443 383249 332557 65987 77786 165186 25346 382812 399855 67735 184851 211071 388056 253897 97014 263511 37582 301967 333431 62928 116679 353096 267881 330372 256082 100073 174800 20539 380627 188784 376694 47633 134596 271814 267007 211945 437000 291916 311144 116242 76475 58558 327313 27094 29279 423890 6992 66424 5244 340423 128915 121923 409906 113183 168682 382812 366643 343045 402914 309833 94392 58995 74290 382375 330809 340860 310707 47196 349600 184851 316825 425638 396796 360525 169119 425638 63802 175674 208886 69046 232484 337364 190532 359214 167371
237088 305536 304048 432512 444416 428048 307520 328848 223696 272304 63488 477152 145824 62000 50096 171120 146320 259408 227664 372000 400272 151776 36704 216752 246016 279248 6944 56544 408704 404736 339264 149792 388368 321408 260400 14880 253456 71424 21824 155248 21824 259408 310992 341744 321408 360592 16368 145824 124000 244032 195920 202368 395312 232624 418624 319920 189968 425072 54560 102672 11904 71920 426560 78864 393328 190464 267840 324880 436480 289664 479632 457808 52576 294128 303552 52080 333312 494016 372000 456816 416144 71920 162688 315456 304048 259408 313472 493520 188480 46128 274288 374480 118048 204352 452848 14880 394816 399280 339264 334800 192448 992 470704 419120 469712 277760 471200 306528 450368 346704 266848 370016 96720 107632 363568 78864 366544 355136 76384 233120 401264 28768 111600 22816 233120 242544 211792 131440 145328 229152 144336 15872 229648 118544 434992 377456 74896 88288 187488 28768 434496 453840 76880 209808 239568 440448 288176 110112 299088 42656 342736 378448 71424 132432 400768 304048 374976 290656 113584 198400 23312 432016 214272 427552 54064 152768 308512 303056 240560 496000 331328 353152 131936 86800 66464 371504 30752 33232 481120 7936 75392 5952 386384 146320 138384 465248 128464 191456 434496 416144 389360 457312 351664 107136 66960 84320 434000 375472 386880 352656 53568 396800 209808 359600 483104 450368 409200 191952 483104 72416 199392 237088 78368 263872 382912 216256 407712 189968
269114 346808 345119 490936 504448 485869 349060 373269 253913 309087 72064 541606 165522 70375 56863 194235 166085 294449 258417 422250 454341 172278 41662 246031 279248 316969 7882 64182 463912 459408 385092 170026 440829 364824 295575 16890 287693 81072 24772 176219 24772 294449 353001 387907 364824 409301 18579 165522 140750 276996 222385 229704 448711 264047 475172 363135 215629 482491 61930 116541 13512 81635 484180 89517 446459 216192 304020 368765 495440 328792 544421 519649 59678 333859 344556 59115 378336 560748 422250 518523 472357 81635 184664 358068 345119 294449 355816 560185 213940 52359 311339 425065 133994 231956 514019 16890 448148 453215 385092 380025 218444 1126 534287 475735 533161 315280 534850 347934 511204 393537 302894 419998 109785 122171 412679 89517 416057 403108 86702 264610 455467 32654 126675 25898 264610 275307 240401 149195 164959 260106 163833 18016 260669 134557 493751 428443 85013 100214 212814 32654 493188 515145 87265 238149 271929 499944 327103 124986 339489 48418 389033 429569 81072 150321 454904 345119 425628 329918 128927 225200 26461 490373 243216 485306 61367 173404 350186 343993 273055 563000 376084 400856 149758 98525 75442 421687 34906 37721 546110 9008 85576 6756 438577 166085 157077 528094 145817 217318 493188 472357 441955 519086 399167 121608 76005 95710 492625 426191 439140 400293 60804 450400 238149 408175 548362 511204 464475 217881 548362 82198 226326 269114 88954 299516 434636 245468 462786 215629
6692 8624 8582 12208 12544 12082 8680 9282 6314 7686 1792 13468 4116 1750 1414 4830 4130 7322 6426 10500 11298 4284 1036 6118 6944 7882 196 1596 11536 11424 9576 4228 10962 9072 7350 420 7154 2016 616 4382 616 7322 8778 9646 9072 10178 462 4116 3500 6888 5530 5712 11158 6566 11816 9030 5362 11998 1540 2898 336 2030 12040 2226 11102 5376 7560 9170 12320 8176 13538 12922 1484 8302 8568 1470 9408 13944 10500 12894 11746 2030 4592 8904 8582 7322 8848 13930 5320 1302 7742 10570 3332 5768 12782 420 11144 11270 9576 9450 5432 28 13286 11830 13258 7840 13300 8652 12712 9786 7532 10444 2730 3038 10262 2226 10346 10024 2156 6580 11326 812 3150 644 6580 6846 5978 3710 4102 6468 4074 448 6482 3346 12278 10654 2114 2492 5292 812 12264 12810 2170 5922 6762 12432 8134 3108 8442 1204 9674 10682 2016 3738 11312 8582 10584 8204 3206 5600 658 12194 6048 12068 1526 4312 8708 8554 6790 14000 9352 9968 3724 2450 1876 10486 868 938 13580 224 2128 168 10906 4130 3906 13132 3626 5404 12264 11746 10990 12908 9926 3024 1890 2380 12250 10598 10920 9954 1512 11200 5922 10150 13636 12712 11550 5418 13636 2044 5628 6692 2212 7448 10808 6104 11508 5362
